100,355260,1,0
100,355971,2,0
100,2130,3,0
100,2139,4,0
100,2123,5,0
100,2144,6,0
100,2162,7,0
100,2145,8,0
100,2190,9,0
100,2185,10,0
100,2662,11,0
100,2658,12,0
100,2654,13,0
100,2659,14,0
100,1973,15,0
100,1971,16,0
100,355731,17,0
100,2045,18,0
100,2146,19,0
100,2148,20,0
100,2136,21,0
100,2158,22,0
100,2157,23,0
100,2160,24,0
100,2128,25,0
100,2121,26,0
100,2149,27,0
100,2089,28,0
100,355415,29,0
100,355419,30,0
100,356010,31,0
100,2110,32,0
100,2083,33,0
100,2112,34,0
100,2109,35,0
100,2080,36,0
100,2098,37,0
100,2113,38,0
100,2104,39,0
100,2082,40,0
100,2079,41,0
100,2105,42,0
100,2072,43,0
100,2071,44,0
100,2075,45,0
100,2078,46,0
100,2085,47,0
100,2097,48,0
100,356118,49,0
100,2101,50,0
100,2103,51,0
100,2087,52,0
100,2090,53,0
100,2095,54,0
100,2076,55,0
100,2108,56,0
100,2081,57,0
100,2496,58,0
100,2497,59,0
100,2510,60,0
100,2517,61,0
100,2498,62,0
100,2520,63,0
100,2485,64,0
100,2525,65,0
100,355947,66,0
100,2515,67,0
100,2495,68,0
100,2489,69,0
100,1399,70,0
100,2507,71,0
100,2490,72,0
100,2513,73,0
100,2491,74,0
100,2499,75,0
100,355948,76,0
100,2642,77,0
100,1403,78,1
101,2642,1,0
101,2504,2,0
101,2502,3,0
101,2500,4,0
101,2492,5,0
101,2512,6,0
101,2521,7,0
101,2508,8,0
101,1403,9,0
101,2511,10,0
101,2488,11,0
101,2514,12,0
101,355946,13,0
101,2524,14,0
101,2518,15,0
101,2519,16,0
101,2493,17,0
101,2516,18,0
101,2509,19,0
101,2523,20,0
101,2522,21,0
101,2107,22,0
101,2111,23,0
101,2077,24,0
101,2084,25,0
101,2094,26,0
101,2114,27,0
101,2086,28,0
101,2102,29,0
101,2100,30,0
101,2073,31,0
101,2096,32,0
101,1896,33,0
101,1902,34,0
101,1907,35,0
101,356065,36,0
101,1905,37,0
101,1943,38,0
101,1911,39,0
101,1945,40,0
101,1942,41,0
101,1951,42,0
101,1944,43,0
101,1904,44,0
101,1946,45,0
101,1950,46,0
101,1906,47,0
101,1947,48,0
101,1898,49,0
101,1914,50,0
101,1964,51,0
101,1955,52,0
101,1960,53,0
101,356109,54,0
101,1976,55,0
101,1979,56,0
101,1962,57,0
101,1969,58,0
101,1967,59,0
101,1959,60,0
101,1972,61,0
101,1978,62,0
101,2660,63,0
101,2655,64,0
101,2663,65,0
101,2186,66,0
101,2189,67,0
101,2138,68,0
101,2154,69,0
101,2143,70,0
101,355954,71,0
101,2164,72,0
101,2163,73,0
101,355969,74,0
101,355260,75,0
101,1765,76,0
101,355415,77,1
200,355415,1,0
200,355419,2,0
200,355762,3,0
200,355427,4,0
200,355428,5,0
200,355429,6,0
200,356011,7,0
200,1093,8,0
200,1069,9,0
200,1125,10,0
200,355505,11,0
200,1066,12,0
200,1111,13,0
200,1127,14,0
200,1108,15,0
200,1051,16,0
200,1060,17,0
200,1109,18,0
200,1045,19,0
200,355811,20,0
200,1087,21,0
200,1073,22,0
200,1056,23,0
200,1050,24,0
200,1105,25,0
200,356102,26,0
200,1044,27,0
200,1071,28,0
200,1103,29,0
200,1081,30,0
200,1077,31,0
200,356117,32,0
200,1067,33,0
200,1113,34,0
200,1116,35,0
200,2208,36,0
200,356094,37,0
200,2203,38,0
200,2207,39,0
200,2205,40,0
200,3197,41,0
200,1121,42,0
200,1115,43,0
200,1095,44,0
200,1083,45,0
200,1058,46,0
200,1102,47,0
200,1041,48,0
200,1085,49,0
200,1053,50,0
200,1117,51,0
200,1042,52,0
200,356055,53,1
201,356055,1,0
201,355288,2,0
201,1055,3,0
201,1054,4,0
201,1086,5,0
201,1040,6,0
201,1063,7,0
201,1059,8,0
201,1038,9,0
201,1084,10,0
201,1096,11,0
201,1097,12,0
201,1122,13,0
201,3196,14,0
201,2209,15,0
201,2206,16,0
201,2204,17,0
201,2210,18,0
201,1101,19,0
201,1043,20,0
201,1120,21,0
201,1114,22,0
201,355413,23,0
201,1062,24,0
201,1078,25,0
201,1082,26,0
201,1104,27,0
201,1072,28,0
201,1070,29,0
201,1099,30,0
201,1106,31,0
201,1089,32,0
201,1057,33,0
201,1074,34,0
201,1088,35,0
201,1091,36,0
201,1046,37,0
201,1110,38,0
201,1064,39,0
201,1052,40,0
201,1094,41,0
201,1107,42,0
201,1126,43,0
201,1112,44,0
201,1065,45,0
201,1118,46,0
201,1124,47,0
201,1068,48,0
201,1092,49,0
201,1079,50,0
201,1737,51,0
201,1745,52,0
201,1736,53,0
201,1750,54,0
201,356052,55,0
201,355431,56,0
201,355415,57,1
300,355432,1,0
300,355419,2,0
300,355762,3,0
300,355427,4,0
300,3128,5,0
300,3129,6,0
300,3139,7,0
300,3138,8,0
300,3130,9,0
300,3136,10,0
300,3140,11,0
300,3133,12,0
300,3137,13,0
300,3131,14,0
300,3135,15,0
300,2641,16,0
300,1247,17,0
300,1267,18,0
300,356100,19,0
300,1261,20,0
300,1254,21,0
300,1249,22,0
300,355831,23,0
300,1269,24,0
300,1256,25,0
300,1259,26,0
300,1271,27,0
300,1265,28,0
300,1252,29,0
300,1193,30,0
300,1190,31,0
300,1192,32,0
300,355690,33,0
300,2572,34,0
300,2567,35,0
300,2563,36,0
300,2569,37,0
300,2561,38,0
300,2565,39,0
300,1182,40,0
300,2543,41,1
301,2543,1,0
301,2544,2,0
301,2562,3,0
301,2570,4,0
301,2566,5,0
301,2573,6,0
301,2571,7,0
301,2728,8,0
301,1191,9,0
301,356053,10,0
301,1253,11,0
301,1266,12,0
301,1272,13,0
301,1260,14,0
301,1257,15,0
301,355830,16,0
301,1273,17,0
301,1250,18,0
301,1255,19,0
301,1262,20,0
301,356099,21,0
301,1268,22,0
301,1248,23,0
301,1275,24,0
301,1263,25,0
301,1251,26,0
301,1274,27,0
301,1278,28,0
301,1276,29,0
301,1258,30,0
301,1277,31,0
301,355437,32,0
301,355438,33,0
301,355439,34,0
301,355440,35,0
301,1736,36,0
301,1750,37,0
301,356052,38,0
301,355431,39,0
301,355432,40,1
400,1768,1,0
400,1761,2,0
400,1711,3,0
400,1712,4,0
400,355447,5,0
400,355448,6,0
400,355566,7,0
400,3218,8,0
400,2060,9,0
400,2056,10,0
400,2058,11,0
400,2057,12,0
400,2059,13,0
400,1740,14,0
400,1746,15,0
400,1742,16,0
400,1748,17,0
400,1735,18,0
400,1214,19,0
400,1217,20,0
400,1207,21,0
400,1232,22,0
400,3083,23,0
400,1478,24,0
400,3078,25,0
400,1231,26,0
400,1239,27,0
400,1235,28,0
400,1211,29,0
400,1218,30,0
400,1202,31,0
400,1225,32,0
400,1215,33,0
400,1237,34,0
400,1204,35,0
400,1498,36,0
400,1494,37,0
400,1496,38,0
400,1175,39,0
400,1180,40,0
400,1376,41,0
400,1373,42,0
400,1223,43,0
400,1220,44,0
400,1196,45,0
400,1197,46,0
400,1226,47,0
400,1209,48,0
400,355945,49,0
400,1228,50,0
400,355291,51,0
400,1200,52,0
400,1221,53,0
400,1562,54,0
400,1556,55,0
400,1560,56,0
400,1558,57,0
400,1564,58,0
400,3198,59,0
400,355284,60,0
400,3192,61,0
400,1121,62,0
400,1115,63,0
400,1095,64,0
400,2321,65,0
400,2320,66,0
400,2322,67,0
400,2331,68,0
400,2327,69,0
400,2317,70,0
400,2332,71,0
400,2329,72,0
400,1893,73,0
400,2534,74,0
400,2536,75,0
400,2529,76,0
400,2527,77,0
400,2537,78,0
400,2540,79,0
400,2531,80,0
400,1632,81,0
400,1628,82,0
400,1631,83,0
400,2307,84,0
400,2301,85,0
400,2299,86,0
400,2309,87,1
401,2309,1,0
401,2300,2,0
401,2302,3,0
401,2308,4,0
401,1630,5,0
401,1627,6,0
401,1638,7,0
401,1625,8,0
401,2532,9,0
401,2539,10,0
401,2538,11,0
401,2526,12,0
401,2528,13,0
401,2535,14,0
401,2533,15,0
401,2330,16,0
401,355258,17,0
401,2318,18,0
401,2326,19,0
401,2328,20,0
401,2325,21,0
401,2323,22,0
401,2319,23,0
401,2324,24,0
401,2315,25,0
401,1096,26,0
401,1097,27,0
401,1122,28,0
401,3200,29,0
401,355280,30,0
401,3199,31,0
401,3194,32,0
401,1559,33,0
401,1561,34,0
401,1557,35,0
401,1563,36,0
401,1222,37,0
401,1201,38,0
401,1199,39,0
401,1229,40,0
401,1212,41,0
401,1208,42,0
401,1227,43,0
401,356057,44,0
401,1719,45,0
401,1721,46,0
401,1377,47,0
401,1374,48,0
401,1375,49,0
401,1372,50,0
401,1176,51,0
401,1497,52,0
401,1495,53,0
401,1500,54,0
401,1720,55,0
401,1236,56,0
401,1224,57,0
401,1203,58,0
401,1219,59,0
401,1210,60,0
401,1234,61,0
401,1238,62,0
401,1230,63,0
401,3080,64,0
401,3083,65,0
401,1478,66,0
401,3078,67,0
401,1233,68,0
401,356085,69,0
401,1216,70,0
401,1213,71,0
401,1749,72,0
401,1743,73,0
401,1747,74,0
401,1741,75,0
401,1734,76,0
401,1737,77,0
401,1745,78,0
401,1736,79,0
401,1744,80,0
401,1768,81,1
500,1799,1,0
500,1890,2,0
500,1885,3,0
500,1881,4,0
500,1891,5,0
500,1869,6,0
500,1875,7,0
500,355942,8,0
500,1931,9,0
500,2653,10,0
500,2652,11,0
500,1927,12,0
500,1893,13,0
500,2530,14,0
500,2539,15,0
500,2538,16,0
500,2526,17,0
500,2528,18,0
500,2535,19,0
500,1937,20,0
500,1908,21,0
500,1934,22,0
500,1926,23,0
500,355297,24,0
500,1932,25,0
500,1912,26,0
500,1948,27,0
500,1626,28,0
500,1321,29,0
500,1325,30,0
500,1322,31,0
500,1324,32,0
500,1323,33,0
500,1900,34,0
500,1939,35,0
500,1941,36,0
500,1897,37,0
500,1919,38,0
500,1952,39,0
500,2445,40,0
500,1803,41,0
500,1806,42,0
500,1801,43,0
500,2007,44,0
500,2008,45,0
500,2003,46,0
500,2001,47,0
500,1504,48,0
500,1502,49,0
500,2172,50,0
500,2168,51,0
500,2174,52,0
500,2176,53,0
500,2170,54,0
500,2175,55,0
500,1365,56,0
500,1363,57,0
500,1368,58,0
500,1370,59,0
500,2669,60,0
500,2667,61,0
500,2665,62,0
500,2670,63,0
500,2672,64,0
500,1705,65,0
500,1706,66,0
500,1704,67,0
500,1790,68,0
500,1916,69,0
500,1917,70,0
500,1964,71,0
500,356051,72,0
500,1955,73,0
500,1960,74,0
500,356109,75,0
500,1976,76,0
500,1979,77,0
500,1962,78,0
500,1969,79,0
500,2371,80,0
500,2147,81,0
500,2155,82,0
500,2153,83,0
500,2141,84,0
500,2133,85,0
500,2126,86,0
500,2138,87,0
500,2154,88,0
500,2143,89,0
500,355954,90,0
500,2164,91,0
500,2163,92,0
500,355969,93,0
500,2352,94,0
500,355970,95,0
500,2646,96,0
500,2644,97,0
500,2343,98,0
500,2339,99,0
500,1603,100,0
500,1381,101,0
500,1385,102,0
500,1383,103,0
500,1359,104,0
500,1360,105,0
500,1843,106,0
500,1839,107,0
500,1852,108,0
500,1844,109,0
500,1845,110,0
500,1854,111,0
500,1855,112,0
500,1851,113,0
500,3087,114,0
500,3086,115,0
500,3088,116,0
500,2212,117,0
500,1644,118,0
500,1645,119,0
500,1608,120,0
500,1593,121,0
500,1596,122,0
500,356039,123,0
500,1595,124,0
500,1606,125,0
500,1598,126,0
500,356037,127,0
500,1967,128,0
500,1959,129,0
500,1972,130,0
500,1978,131,0
500,2660,132,0
500,2655,133,0
500,2664,134,0
500,355277,135,0
500,2189,136,0
500,355742,137,0
500,1416,138,0
500,1412,139,0
500,355743,140,0
500,3120,141,0
500,3127,142,0
500,3118,143,0
500,3122,144,0
500,3125,145,0
500,3123,146,0
500,2166,147,0
500,2115,148,0
500,2118,149,0
500,2120,150,0
500,355944,151,0
500,3143,152,0
500,3180,153,0
500,3165,154,0
500,3170,155,0
500,2560,156,0
500,2557,157,0
500,2276,158,0
500,2193,159,0
500,2191,160,0
500,1576,161,0
500,1568,162,0
500,1574,163,0
500,1572,164,0
500,2338,165,0
500,2180,166,0
500,2183,167,1
501,356037,1,0
501,2432,2,0
501,2430,3,0
501,1361,4,0
501,1605,5,0
501,1594,6,0
501,355972,7,0
501,356040,8,0
501,1597,9,0
501,1592,10,0
501,1607,11,0
501,1645,12,0
501,2213,13,0
501,1643,14,0
501,1185,15,0
501,1856,16,0
501,1850,17,0
501,1847,18,0
501,1846,19,0
501,1848,20,0
501,1849,21,0
501,1840,22,0
501,1842,23,0
501,1841,24,0
501,1358,25,0
501,1382,26,0
501,1384,27,0
501,355943,28,0
501,2340,29,0
501,2342,30,0
501,2643,31,0
501,2645,32,0
501,355971,33,0
501,2130,34,0
501,2139,35,0
501,2123,36,0
501,2144,37,0
501,2162,38,0
501,2145,39,0
501,2137,40,0
501,2125,41,0
501,2132,42,0
501,2140,43,0
501,2134,44,0
501,2124,45,0
501,2183,46,0
501,1569,47,0
501,1567,48,0
501,1575,49,0
501,1573,50,0
501,2194,51,0
501,2192,52,0
501,2558,53,0
501,3173,54,0
501,3169,55,0
501,3166,56,0
501,3181,57,0
501,355765,58,0
501,3146,59,0
501,2119,60,0
501,2117,61,0
501,2116,62,0
501,2165,63,0
501,3113,64,0
501,3124,65,0
501,3121,66,0
501,3117,67,0
501,3126,68,0
501,3114,69,0
501,3119,70,0
501,3115,71,0
501,1413,72,0
501,1417,73,0
501,1415,74,0
501,1411,75,0
501,2190,76,0
501,2185,77,0
501,2661,78,0
501,2658,79,0
501,2654,80,0
501,2659,81,0
501,1973,82,0
501,1971,83,0
501,355731,84,0
501,2045,85,0
501,2146,86,0
501,2148,87,0
501,2135,88,0
501,2158,89,0
501,2157,90,0
501,2160,91,0
501,2128,92,0
501,2121,93,0
501,2151,94,0
501,2088,95,0
501,355449,96,0
501,2110,97,0
501,2083,98,0
501,2112,99,0
501,3089,100,0
501,2671,101,0
501,2666,102,0
501,2668,103,0
501,2673,104,0
501,1366,105,0
501,356013,106,0
501,1364,107,0
501,1369,108,0
501,2169,109,0
501,2177,110,0
501,2173,111,0
501,2167,112,0
501,1501,113,0
501,1503,114,0
501,2002,115,0
501,2006,116,0
501,2005,117,0
501,2556,118,0
501,1800,119,0
501,1805,120,0
501,1802,121,0
501,1804,122,0
501,1953,123,0
501,1921,124,0
501,1920,125,0
501,356098,126,0
501,1940,127,0
501,2554,128,0
501,2552,129,0
501,2555,130,0
501,2551,131,0
501,2550,132,0
501,2553,133,0
501,355567,134,0
501,1626,135,0
501,1954,136,0
501,1901,137,0
501,1949,138,0
501,1923,139,0
501,1933,140,0
501,355298,141,0
501,1925,142,0
501,1935,143,0
501,1909,144,0
501,1938,145,0
501,1928,146,0
501,2653,147,0
501,2652,148,0
501,1910,149,0
501,1629,150,0
501,1636,151,0
501,1637,152,0
501,1635,153,0
501,1634,154,0
501,1624,155,0
501,355973,156,0
501,2530,157,0
501,1899,158,0
501,1876,159,0
501,1870,160,0
501,1892,161,0
501,1882,162,0
501,2311,163,0
501,1799,164,1
600,1739,1,0
600,1769,2,0
600,1761,3,0
600,1751,4,0
600,1379,5,0
600,356066,6,0
600,2400,7,0
600,1300,8,0
600,1301,9,0
600,1303,10,0
600,2453,11,0
600,2454,12,0
600,1006,13,0
600,1008,14,0
600,1003,15,0
600,1004,16,0
600,1011,17,0
600,1014,18,0
600,1009,19,0
600,355939,20,0
600,2044,21,0
600,2046,22,0
600,2042,23,0
600,2035,24,0
600,2037,25,0
600,2036,26,0
600,2038,27,1
601,2038,1,0
601,2049,2,0
601,2047,3,0
601,355941,4,0
601,355262,5,0
601,2041,6,0
601,355281,7,0
601,355940,8,0
601,1010,9,0
601,1013,10,0
601,1001,11,0
601,1005,12,0
601,1002,13,0
601,1015,14,0
601,1007,15,0
601,1012,16,0
601,1651,17,0
601,1654,18,0
601,1649,19,0
601,1648,20,0
601,1650,21,0
601,2062,22,0
601,2065,23,0
601,2063,24,0
601,2061,25,0
601,1184,26,0
601,1036,27,0
601,1037,28,0
601,355926,29,0
601,1791,30,0
601,355763,31,0
601,2541,32,0
601,1739,33,1
700,1739,1,0
700,1769,2,0
700,1761,3,0
700,1711,4,0
700,1712,5,0
700,1707,6,0
700,1708,7,0
700,1709,8,0
700,1714,9,0
700,1713,10,0
700,1710,11,0
700,2034,12,0
700,2032,13,0
700,1299,14,0
700,1302,15,0
700,355720,16,0
700,1390,17,0
700,1392,18,0
700,1394,19,0
700,1395,20,1
701,1395,1,0
701,1393,2,0
701,1396,3,0
701,1389,4,0
701,1397,5,0
701,355760,6,0
701,1304,7,0
701,1306,8,0
701,355734,9,0
701,2033,10,0
701,2156,11,0
701,2159,12,0
701,2129,13,0
701,1147,14,0
701,355566,15,0
701,3218,16,0
701,355727,17,0
701,1744,18,0
701,1739,19,0
701,1769,20,1
800,355450,1,0
800,1761,2,0
800,1711,3,0
800,1712,4,0
800,355453,5,0
800,355454,6,0
800,355565,7,0
800,1149,8,0
800,1264,9,0
800,3221,10,0
800,3222,11,0
800,3204,12,0
800,3215,13,0
800,3225,14,0
800,1387,15,0
800,1388,16,0
800,2726,17,1
801,2726,1,0
801,2724,2,0
801,2725,3,0
801,3217,4,0
801,3219,5,0
801,3214,6,0
801,3203,7,0
801,3218,8,0
801,355727,9,0
801,1744,10,0
801,1739,11,1
1000,355570,1,0
1000,2130,2,0
1000,2137,3,0
1000,355368,4,0
1000,2136,5,0
1000,2161,6,0
1000,2149,7,0
1000,2093,8,0
1000,2112,9,0
1000,2113,10,0
1000,356067,11,0
1000,2071,12,0
1000,2097,13,0
1000,2101,14,0
1000,2095,15,0
1000,2517,16,0
1000,2515,17,0
1000,1400,18,1
1001,1400,1,0
1001,2514,2,0
1001,2516,3,0
1001,2094,4,0
1001,2100,5,0
1001,2096,6,0
1001,356065,7,0
1001,1943,8,0
1001,1951,9,0
1001,1950,10,0
1001,1916,11,0
1001,356051,12,0
1001,356108,13,0
1001,1963,14,0
1001,2147,15,0
1001,2138,16,0
1001,355969,17,0
1001,355570,18,1
1100,1781,1,0
1100,1409,2,0
1100,1984,3,0
1100,1986,4,0
1100,1994,5,0
1100,1990,6,0
1100,1988,7,0
1100,1999,8,0
1100,1982,9,0
1100,1243,10,0
1100,1242,11,0
1100,1407,12,0
1100,355457,13,0
1100,1153,14,0
1100,1170,15,0
1100,1160,16,0
1100,1164,17,0
1100,1166,18,0
1100,1161,19,0
1100,356111,20,0
1100,1171,21,0
1100,355964,22,0
1100,355938,23,0
1100,1150,24,0
1100,1174,25,0
1100,3190,26,0
1100,1559,27,0
1100,1561,28,0
1100,1557,29,0
1100,1563,30,0
1100,2416,31,0
1100,2404,32,0
1100,2408,33,0
1100,2411,34,0
1100,2402,35,0
1100,2417,36,0
1100,2406,37,0
1100,2422,38,0
1100,2409,39,0
1100,2413,40,0
1100,2420,41,0
1100,2424,42,0
1100,2427,43,0
1100,2426,44,0
1100,355298,45,0
1100,2305,46,0
1100,2298,47,0
1100,2295,48,0
1100,2303,49,0
1100,355296,50,0
1100,2396,51,0
1100,356014,52,0
1100,2385,53,0
1100,2387,54,0
1100,2390,55,0
1100,2394,56,1
1101,2394,1,0
1101,2397,2,0
1101,356151,3,0
1101,356150,4,0
1101,2384,5,0
1101,2376,6,0
1101,2382,7,0
1101,2375,8,0
1101,355435,9,0
1101,2389,10,0
1101,3183,11,0
1101,3186,12,0
1101,3188,13,0
1101,2373,14,0
1101,2395,15,0
1101,355896,16,0
1101,355295,17,0
1101,2304,18,0
1101,2296,19,0
1101,2297,20,0
1101,2306,21,0
1101,355297,22,0
1101,1932,23,0
1101,2428,24,0
1101,2425,25,0
1101,2429,26,0
1101,2414,27,0
1101,2410,28,0
1101,2423,29,0
1101,2407,30,0
1101,2418,31,0
1101,2403,32,0
1101,2412,33,0
1101,2421,34,0
1101,2419,35,0
1101,2405,36,0
1101,2415,37,0
1101,1562,38,0
1101,1556,39,0
1101,1560,40,0
1101,1558,41,0
1101,1564,42,0
1101,3191,43,0
1101,1173,44,0
1101,1154,45,0
1101,1152,46,0
1101,1172,47,0
1101,1167,48,0
1101,1156,49,0
1101,1162,50,0
1101,1163,51,0
1101,1159,52,0
1101,1169,53,0
1101,1165,54,0
1101,1158,55,0
1101,1408,56,0
1101,1983,57,0
1101,1243,58,0
1101,1242,59,0
1101,1997,60,0
1101,1981,61,0
1101,1989,62,0
1101,1991,63,0
1101,355903,64,0
1101,1995,65,0
1101,1987,66,0
1101,1985,67,0
1101,1781,68,1
1200,355315,1,0
1200,355316,2,0
1200,355317,3,0
1200,355318,4,0
1200,355319,5,0
1200,3078,6,0
1200,1231,7,0
1200,1239,8,0
1200,1235,9,0
1200,356119,10,1
1201,356119,1,0
1201,355321,2,0
1201,355322,3,0
1201,355323,4,0
1201,355324,5,0
1201,355325,6,0
1201,355326,7,0
1201,355327,8,0
1201,2669,9,0
1201,2667,10,0
1201,2665,11,0
1201,2670,12,0
1201,355315,13,1
1600,355962,1,0
1600,1569,2,0
1600,1567,3,0
1600,1575,4,0
1600,1573,5,0
1600,2194,6,0
1600,2192,7,0
1600,2558,8,0
1600,3174,9,0
1600,3149,10,0
1600,3177,11,0
1600,3147,12,0
1600,3156,13,0
1600,3167,14,0
1600,3158,15,0
1600,3160,16,0
1600,3161,17,0
1600,3157,18,0
1600,3142,19,0
1600,3153,20,0
1600,1483,21,0
1600,1485,22,0
1600,1481,23,0
1600,1027,24,0
1600,355479,25,0
1600,1482,26,0
1600,1480,27,0
1600,1017,28,0
1600,1022,29,0
1600,1024,30,0
1600,1018,31,0
1600,1025,32,0
1600,3179,33,0
1600,3168,34,0
1600,2200,35,0
1600,2196,36,0
1600,2202,37,0
1600,2198,38,0
1600,1776,39,0
1600,1780,40,0
1600,1778,41,0
1600,2634,42,0
1600,2638,43,0
1600,2639,44,0
1600,355411,45,0
1600,2635,46,0
1600,1509,47,0
1600,355974,48,1
1601,355974,1,0
1601,356028,2,0
1601,355775,3,0
1601,3152,4,0
1601,356084,5,0
1601,2633,6,0
1601,2632,7,0
1601,1779,8,0
1601,1777,9,0
1601,2197,10,0
1601,2201,11,0
1601,2195,12,0
1601,2199,13,0
1601,3164,14,0
1601,3150,15,0
1601,3154,16,0
1601,3175,17,0
1601,3178,18,0
1601,3162,19,0
1601,1019,20,0
1601,1023,21,0
1601,1020,22,0
1601,1021,23,0
1601,1481,24,0
1601,1027,25,0
1601,355479,26,0
1601,1482,27,0
1601,1480,28,0
1601,1486,29,0
1601,1484,30,0
1601,1488,31,0
1601,3159,32,0
1601,3176,33,0
1601,3151,34,0
1601,3141,35,0
1601,3163,36,0
1601,3155,37,0
1601,3148,38,0
1601,3172,39,0
1601,2560,40,0
1601,2557,41,0
1601,2276,42,0
1601,2193,43,0
1601,2191,44,0
1601,1576,45,0
1601,1568,46,0
1601,1574,47,0
1601,1572,48,0
1601,2338,49,0
1601,2180,50,0
1601,355962,51,1
2000,356112,1,0
2000,356126,2,0
2000,355459,3,0
2000,1749,4,0
2000,1743,5,0
2000,1747,6,0
2000,1741,7,0
2000,1734,8,0
2000,355802,9,0
2000,1745,10,0
2000,355803,11,0
2000,355804,12,0
2000,355613,13,0
2000,1762,14,0
2000,1760,15,0
2000,1754,16,0
2000,1775,17,0
2000,355492,18,0
2000,1772,19,0
2000,355919,20,0
2000,355892,21,0
2000,355571,22,0
2000,355490,23,0
2000,355496,24,0
2000,355497,25,0
2000,355498,26,0
2000,355499,27,0
2000,355500,28,0
2000,355798,29,0
2000,356127,30,0
2000,356128,31,0
2000,355462,32,0
2000,355835,33,0
2000,355464,34,1
2001,355464,1,0
2001,356071,2,0
2001,355836,3,0
2001,355463,4,0
2001,356129,5,0
2001,356130,6,0
2001,355797,7,0
2001,355977,8,0
2001,355506,9,0
2001,355507,10,0
2001,355508,11,0
2001,355509,12,0
2001,355491,13,0
2001,355573,14,0
2001,355810,15,0
2001,355809,16,0
2001,355808,17,0
2001,355806,18,0
2001,355510,19,0
2001,355805,20,0
2001,355925,21,0
2001,355424,22,0
2001,355799,23,0
2001,355436,24,0
2001,355428,25,0
2001,355429,26,0
2001,355801,27,0
2001,1740,28,0
2001,1746,29,0
2001,1742,30,0
2001,1748,31,0
2001,1735,32,0
2001,355458,33,0
2001,356125,34,0
2001,356112,35,1
2100,355614,1,0
2100,1763,2,0
2100,1760,3,0
2100,1754,4,0
2100,1775,5,0
2100,1757,6,0
2100,1772,7,0
2100,3094,8,0
2100,3096,9,0
2100,355571,10,0
2100,1475,11,0
2100,1473,12,0
2100,1448,13,0
2100,1466,14,0
2100,1447,15,0
2100,1462,16,0
2100,1420,17,0
2100,1422,18,0
2100,1424,19,0
2100,1464,20,0
2100,1426,21,0
2100,1428,22,0
2100,1452,23,0
2100,1460,24,0
2100,1431,25,0
2100,1433,26,0
2100,1435,27,0
2100,1455,28,0
2100,1437,29,0
2100,1439,30,0
2100,1418,31,0
2100,1459,32,0
2100,1443,33,0
2100,1446,34,0
2100,1450,35,0
2100,1453,36,0
2100,2846,37,0
2100,2851,38,0
2100,2840,39,0
2100,2844,40,0
2100,2856,41,0
2100,2852,42,0
2100,2842,43,0
2100,2848,44,0
2100,2854,45,0
2100,2858,46,0
2100,2019,47,0
2100,2015,48,0
2100,2016,49,0
2100,355851,50,0
2100,356075,51,0
2100,355853,52,0
2100,355888,53,0
2100,356015,54,0
2100,355885,55,0
2100,355596,56,1
2101,355596,1,0
2101,355886,2,0
2101,355897,3,0
2101,355850,4,0
2101,355848,5,0
2101,2017,6,0
2101,2014,7,0
2101,2018,8,0
2101,2859,9,0
2101,2855,10,0
2101,2849,11,0
2101,2843,12,0
2101,2853,13,0
2101,2857,14,0
2101,2845,15,0
2101,2841,16,0
2101,2850,17,0
2101,2847,18,0
2101,1454,19,0
2101,1449,20,0
2101,1445,21,0
2101,1444,22,0
2101,1458,23,0
2101,1451,24,0
2101,1440,25,0
2101,1438,26,0
2101,1456,27,0
2101,1436,28,0
2101,1434,29,0
2101,1432,30,0
2101,1461,31,0
2101,1430,32,0
2101,1429,33,0
2101,1427,34,0
2101,1465,35,0
2101,1425,36,0
2101,1423,37,0
2101,1421,38,0
2101,1419,39,0
2101,1463,40,0
2101,1442,41,0
2101,1441,42,0
2101,1457,43,0
2101,1474,44,0
2101,355573,45,0
2101,3097,46,0
2101,3098,47,0
2101,3099,48,0
2101,2649,49,0
2101,1785,50,0
2101,1796,51,0
2101,355950,52,0
2101,1792,53,0
2101,355614,54,1
2200,355608,1,0
2200,355722,2,0
2200,1758,3,0
2200,1752,4,0
2200,1773,5,0
2200,1755,6,0
2200,2650,7,0
2200,1030,8,0
2200,2998,9,0
2200,3007,10,0
2200,2482,11,0
2200,2455,12,0
2200,2457,13,0
2200,2459,14,0
2200,2483,15,0
2200,2461,16,0
2200,2464,17,0
2200,2465,18,0
2200,2480,19,0
2200,2467,20,0
2200,2469,21,0
2200,2477,22,0
2200,2471,23,0
2200,2473,24,0
2200,2474,25,0
2200,2479,26,0
2200,2871,27,0
2200,2877,28,0
2200,2864,29,0
2200,2866,30,0
2200,2865,31,0
2200,2883,32,0
2200,2892,33,0
2200,2868,34,0
2200,2879,35,0
2200,2869,36,0
2200,2881,37,0
2200,2885,38,0
2200,2890,39,0
2200,2886,40,0
2200,2896,41,0
2200,2899,42,0
2200,2734,43,0
2200,1647,44,0
2200,1646,45,0
2200,2337,46,0
2200,2674,47,0
2200,2681,48,0
2200,2676,49,0
2200,1026,50,0
2200,1642,51,0
2200,2444,52,0
2200,2689,53,0
2200,2677,54,0
2200,2682,55,0
2200,2675,56,0
2200,355732,57,0
2200,2334,58,0
2200,2333,59,0
2200,2335,60,0
2200,2336,61,0
2200,355404,62,0
2200,355405,63,0
2200,356087,64,0
2200,356088,65,0
2200,356090,66,0
2200,356091,67,0
2200,355264,68,0
2200,355265,69,0
2200,355269,70,1
2201,355269,1,0
2201,2893,2,0
2201,2861,3,0
2201,2901,4,0
2201,2900,5,0
2201,2897,6,0
2201,2887,7,0
2201,2891,8,0
2201,2860,9,0
2201,2882,10,0
2201,2873,11,0
2201,2880,12,0
2201,2867,13,0
2201,2884,14,0
2201,2874,15,0
2201,2894,16,0
2201,2870,17,0
2201,2863,18,0
2201,2878,19,0
2201,2872,20,0
2201,355952,21,0
2201,2475,22,0
2201,2476,23,0
2201,2472,24,0
2201,356076,25,0
2201,2470,26,0
2201,2481,27,0
2201,2466,28,0
2201,2463,29,0
2201,2462,30,0
2201,2484,31,0
2201,2460,32,0
2201,2458,33,0
2201,2456,34,0
2201,3026,35,0
2201,355814,36,0
2201,2999,37,0
2201,1028,38,0
2201,1784,39,0
2201,1795,40,0
2201,355951,41,0
2201,1791,42,0
2201,355608,43,1
2300,355609,1,0
2300,355723,2,0
2300,1759,3,0
2300,1753,4,0
2300,1774,5,0
2300,1756,6,0
2300,2651,7,0
2300,1031,8,0
2300,1352,9,0
2300,1330,10,0
2300,1333,11,0
2300,1335,12,0
2300,1356,13,0
2300,1338,14,0
2300,1339,15,0
2300,1340,16,0
2300,1351,17,0
2300,355745,18,0
2300,1342,19,0
2300,1345,20,0
2300,1346,21,0
2300,355818,22,0
2300,2748,23,0
2300,2767,24,0
2300,2744,25,0
2300,2752,26,0
2300,2774,27,0
2300,2759,28,0
2300,2750,29,0
2300,2760,30,0
2300,2739,31,0
2300,2763,32,0
2300,2751,33,0
2300,2756,34,0
2300,2735,35,0
2300,2757,36,0
2300,2769,37,0
2300,2777,38,0
2300,2742,39,0
2300,2771,40,0
2300,2776,41,0
2300,2772,42,0
2300,2576,43,1
2301,2773,1,0
2301,2754,2,0
2301,2770,3,0
2301,2736,4,0
2301,2741,5,0
2301,2778,6,0
2301,2766,7,0
2301,2758,8,0
2301,2740,9,0
2301,2755,10,0
2301,2743,11,0
2301,2779,12,0
2301,2762,13,0
2301,2738,14,0
2301,2761,15,0
2301,2737,16,0
2301,2765,17,0
2301,2764,18,0
2301,2775,19,0
2301,2753,20,0
2301,2745,21,0
2301,2768,22,0
2301,356035,23,0
2301,2746,24,0
2301,1348,25,0
2301,1344,26,0
2301,1343,27,0
2301,1350,28,0
2301,1347,29,0
2301,1349,30,0
2301,1327,31,0
2301,1354,32,0
2301,1337,33,0
2301,1326,34,0
2301,1332,35,0
2301,1328,36,0
2301,1029,37,0
2301,1783,38,0
2301,1794,39,0
2301,355927,40,0
2301,1793,41,0
2301,355609,42,1
2400,355724,1,0
2400,355723,2,0
2400,1759,3,0
2400,1753,4,0
2400,1774,5,0
2400,1756,6,0
2400,2651,7,0
2400,1031,8,0
2400,1352,9,0
2400,1330,10,0
2400,1333,11,0
2400,1335,12,0
2400,1356,13,0
2400,1338,14,0
2400,1339,15,0
2400,1340,16,0
2400,1351,17,0
2400,2949,18,0
2400,2970,19,0
2400,2972,20,0
2400,2945,21,0
2400,2954,22,0
2400,2966,23,0
2400,2958,24,0
2400,2957,25,0
2400,2947,26,0
2400,2968,27,0
2400,2953,28,0
2400,2959,29,0
2400,2978,30,0
2400,2962,31,0
2400,2963,32,0
2400,2974,33,0
2400,2975,34,0
2400,2976,35,0
2400,2980,36,0
2400,2981,37,0
2400,2951,38,0
2400,2940,39,0
2400,2977,40,0
2400,2580,41,0
2400,355986,42,0
2400,2773,43,1
2401,2576,1,0
2401,2577,2,0
2401,2982,3,0
2401,356000,4,0
2401,2952,5,0
2401,2979,6,0
2401,2942,7,0
2401,2943,8,0
2401,2971,9,0
2401,2964,10,0
2401,2961,11,0
2401,2944,12,0
2401,2960,13,0
2401,2967,14,0
2401,2948,15,0
2401,2956,16,0
2401,2965,17,0
2401,2955,18,0
2401,2946,19,0
2401,2973,20,0
2401,2969,21,0
2401,2950,22,0
2401,1347,23,0
2401,1349,24,0
2401,1327,25,0
2401,1354,26,0
2401,1337,27,0
2401,1326,28,0
2401,1332,29,0
2401,1328,30,0
2401,1029,31,0
2401,1783,32,0
2401,1794,33,0
2401,355927,34,0
2401,1793,35,0
2401,355724,36,1
2500,355610,1,0
2500,1771,2,0
2500,1759,3,0
2500,1753,4,0
2500,1774,5,0
2500,1756,6,0
2500,2651,7,0
2500,1031,8,0
2500,1353,9,0
2500,1331,10,0
2500,1334,11,0
2500,1336,12,0
2500,355276,13,0
2500,3048,14,0
2500,3058,15,0
2500,3036,16,0
2500,3045,17,0
2500,3054,18,0
2500,3065,19,0
2500,3040,20,0
2500,3055,21,0
2500,3031,22,0
2500,3032,23,0
2500,2009,24,1
2501,2012,1,0
2501,3033,2,0
2501,3030,3,0
2501,3056,4,0
2501,3039,5,0
2501,3066,6,0
2501,3053,7,0
2501,3046,8,0
2501,3035,9,0
2501,3059,10,0
2501,3038,11,0
2501,3037,12,0
2501,1337,13,0
2501,1326,14,0
2501,1332,15,0
2501,1329,16,0
2501,1029,17,0
2501,1783,18,0
2501,1794,19,0
2501,355927,20,0
2501,1793,21,0
2501,355610,22,1
2600,355611,1,0
2600,1771,2,0
2600,1759,3,0
2600,1753,4,0
2600,1774,5,0
2600,1756,6,0
2600,2651,7,0
2600,1031,8,0
2600,2998,9,0
2600,3007,10,0
2600,3025,11,0
2600,2993,12,0
2600,3002,13,0
2600,3006,14,0
2600,3012,15,0
2600,3021,16,0
2600,3017,17,0
2600,3015,18,0
2600,3011,19,0
2600,3004,20,0
2600,2984,21,0
2600,2994,22,0
2600,3010,23,0
2600,3027,24,0
2600,2987,25,0
2600,3024,26,0
2600,3001,27,0
2600,3000,28,0
2600,2995,29,0
2600,3019,30,0
2600,355983,31,0
2600,355984,32,0
2600,3060,33,0
2600,3041,34,0
2600,3042,35,0
2600,3034,36,0
2600,3063,37,0
2600,3062,38,0
2600,3052,39,0
2600,2012,40,1
2601,2009,1,0
2601,3029,2,0
2601,3057,3,0
2601,3064,4,0
2601,3047,5,0
2601,3043,6,0
2601,3044,7,0
2601,3061,8,0
2601,355990,9,0
2601,355383,10,0
2601,2996,11,0
2601,2991,12,0
2601,2997,13,0
2601,3023,14,0
2601,356077,15,0
2601,3028,16,0
2601,3009,17,0
2601,3008,18,0
2601,2983,19,0
2601,2990,20,0
2601,3014,21,0
2601,3016,22,0
2601,3018,23,0
2601,3022,24,0
2601,3013,25,0
2601,3005,26,0
2601,3003,27,0
2601,2992,28,0
2601,3026,29,0
2601,355814,30,0
2601,2999,31,0
2601,1029,32,0
2601,1783,33,0
2601,1794,34,0
2601,355927,35,0
2601,1793,36,0
2601,355611,37,1
2700,355612,1,0
2700,355728,2,0
2700,1758,3,0
2700,1752,4,0
2700,1773,5,0
2700,1755,6,0
2700,2650,7,0
2700,1030,8,0
2700,2998,9,0
2700,3007,10,0
2700,1726,11,0
2700,1725,12,0
2700,1727,13,0
2700,2798,14,0
2700,2805,15,0
2700,355490,16,0
2700,2838,17,0
2700,2819,18,0
2700,2833,19,0
2700,2828,20,0
2700,2821,21,0
2700,2814,22,0
2700,2808,23,0
2700,2794,24,0
2700,2809,25,0
2700,2789,26,0
2700,2796,27,0
2700,2835,28,0
2700,355752,29,0
2700,2827,30,0
2700,2803,31,0
2700,2831,32,0
2700,2811,33,0
2700,2816,34,0
2700,2800,35,0
2700,2793,36,0
2700,2837,37,0
2700,356104,38,0
2700,356131,39,0
2700,356123,40,0
2700,356124,41,0
2700,355796,42,1
2701,355796,1,0
2701,355978,2,0
2701,355976,3,0
2701,2801,4,0
2701,2817,5,0
2701,2830,6,0
2701,2802,7,0
2701,2826,8,0
2701,355751,9,0
2701,2834,10,0
2701,2799,11,0
2701,2813,12,0
2701,2812,13,0
2701,2795,14,0
2701,2810,15,0
2701,2807,16,0
2701,2815,17,0
2701,2820,18,0
2701,2829,19,0
2701,2832,20,0
2701,2818,21,0
2701,2839,22,0
2701,2806,23,0
2701,2797,24,0
2701,2824,25,0
2701,1728,26,0
2701,1722,27,0
2701,1723,28,0
2701,1724,29,0
2701,356059,30,0
2701,2999,31,0
2701,1028,32,0
2701,1784,33,0
2701,1795,34,0
2701,355951,35,0
2701,1791,36,0
2701,355612,37,1
3300,355725,1,0
3300,1763,2,0
3300,1760,3,0
3300,1754,4,0
3300,1775,5,0
3300,1757,6,0
3300,1772,7,0
3300,355921,8,0
3300,355904,9,0
3300,355572,10,0
3300,1472,11,0
3300,1468,12,0
3300,1469,13,0
3300,1542,14,0
3300,1546,15,0
3300,1535,16,0
3300,1518,17,0
3300,1524,18,0
3300,1541,19,0
3300,2620,20,0
3300,2622,21,0
3300,2624,22,0
3300,2618,23,0
3300,2626,24,0
3300,2611,25,0
3300,1309,26,0
3300,1312,27,0
3300,1307,28,0
3300,355293,29,0
3300,2542,30,0
3300,2610,31,0
3300,2616,32,0
3300,1588,33,0
3300,1586,34,0
3300,2600,35,0
3300,2596,36,0
3300,2597,37,0
3300,2602,38,0
3300,2067,39,0
3300,2068,40,0
3300,2264,41,0
3300,2283,42,0
3300,2629,43,1
3301,2629,1,0
3301,2286,2,0
3301,2069,3,0
3301,2066,4,0
3301,2603,5,0
3301,2604,6,0
3301,2601,7,0
3301,2598,8,0
3301,2599,9,0
3301,1587,10,0
3301,1589,11,0
3301,2617,12,0
3301,2615,13,0
3301,356043,14,0
3301,356101,15,0
3301,355930,16,0
3301,1311,17,0
3301,2612,18,0
3301,2605,19,0
3301,2619,20,0
3301,2625,21,0
3301,2623,22,0
3301,2621,23,0
3301,2609,24,0
3301,1525,25,0
3301,1519,26,0
3301,1536,27,0
3301,1547,28,0
3301,1523,29,0
3301,1526,30,0
3301,1467,31,0
3301,1471,32,0
3301,1477,33,0
3301,355574,34,0
3301,3097,35,0
3301,3098,36,0
3301,3099,37,0
3301,2649,38,0
3301,1785,39,0
3301,1796,40,0
3301,355950,41,0
3301,1792,42,0
3301,355725,43,1
3400,2150,1,0
3400,1761,2,0
3400,1711,3,0
3400,1712,4,0
3400,1707,5,0
3400,1708,6,0
3400,1709,7,0
3400,1714,8,0
3400,2450,9,0
3400,2449,10,0
3400,2452,11,0
3400,2446,12,0
3400,1517,13,0
3400,1543,14,0
3400,1371,15,0
3400,2631,16,0
3400,2930,17,0
3400,2905,18,0
3400,2919,19,0
3400,2907,20,0
3400,2912,21,0
3400,2927,22,0
3400,2929,23,0
3400,2923,24,0
3400,2922,25,0
3400,2917,26,0
3400,2903,27,0
3400,2938,28,0
3400,2904,29,0
3400,2915,30,0
3400,2936,31,0
3400,2710,32,0
3400,2782,33,0
3400,2785,34,0
3400,2781,35,0
3400,2786,36,0
3400,2933,37,0
3400,2935,38,0
3400,2911,39,0
3400,2925,40,0
3400,355936,41,0
3400,356048,42,0
3400,1555,43,1
3401,1555,1,0
3401,1554,2,0
3401,2595,3,0
3401,2926,4,0
3401,2910,5,0
3401,2934,6,0
3401,2932,7,0
3401,2784,8,0
3401,2787,9,0
3401,2788,10,0
3401,2783,11,0
3401,2716,12,0
3401,2721,13,0
3401,2937,14,0
3401,2914,15,0
3401,2939,16,0
3401,2916,17,0
3401,2909,18,0
3401,2918,19,0
3401,2921,20,0
3401,2924,21,0
3401,2902,22,0
3401,2928,23,0
3401,2913,24,0
3401,2908,25,0
3401,2920,26,0
3401,2906,27,0
3401,2931,28,0
3401,2630,29,0
3401,1520,30,0
3401,1516,31,0
3401,2447,32,0
3401,1651,33,0
3401,1654,34,0
3401,1652,35,0
3401,1657,36,0
3401,1653,37,0
3401,1655,38,0
3401,2127,39,0
3401,2122,40,0
3401,2150,41,1
3500,355613,1,0
3500,1764,2,0
3500,1760,3,0
3500,1754,4,0
3500,1775,5,0
3500,1757,6,0
3500,1772,7,0
3500,355922,8,0
3500,355917,9,0
3500,355575,10,0
3500,3091,11,0
3500,3109,12,0
3500,3107,13,0
3500,3104,14,0
3500,3112,15,0
3500,3101,16,0
3500,3102,17,0
3500,2021,18,0
3500,2022,19,0
3500,2024,20,0
3500,2026,21,0
3500,2028,22,0
3500,2027,23,0
3500,1533,24,0
3500,1510,25,0
3500,1512,26,0
3500,1527,27,0
3500,1531,28,0
3500,1544,29,0
3500,1514,30,0
3500,1537,31,0
3500,1521,32,0
3500,1529,33,0
3500,3092,34,0
3500,1318,35,0
3500,1316,36,0
3500,1317,37,0
3500,1315,38,0
3500,2723,39,0
3500,2717,40,0
3500,2791,41,0
3500,2827,42,0
3500,2803,43,0
3500,2831,44,0
3500,2589,45,0
3500,2592,46,0
3500,2587,47,0
3500,2594,48,0
3500,2586,49,0
3500,355738,50,0
3500,355736,51,0
3500,355764,52,0
3500,355741,53,1
3501,355741,1,0
3501,355739,2,0
3501,355740,3,0
3501,1530,4,0
3501,1522,5,0
3501,1538,6,0
3501,1515,7,0
3501,1545,8,0
3501,1532,9,0
3501,1528,10,0
3501,1513,11,0
3501,1511,12,0
3501,1534,13,0
3501,355416,14,0
3501,2029,15,0
3501,2025,16,0
3501,2023,17,0
3501,2030,18,0
3501,2585,19,0
3501,2593,20,0
3501,2588,21,0
3501,355980,22,0
3501,2590,23,0
3501,2830,24,0
3501,2802,25,0
3501,2826,26,0
3501,2790,27,0
3501,2718,28,0
3501,2722,29,0
3501,2704,30,0
3501,1313,31,0
3501,355847,32,0
3501,1319,33,0
3501,3093,34,0
3501,3103,35,0
3501,3100,36,0
3501,3111,37,0
3501,3105,38,0
3501,3108,39,0
3501,3110,40,0
3501,356049,41,0
3501,355574,42,0
3501,3097,43,0
3501,3098,44,0
3501,3099,45,0
3501,2649,46,0
3501,1785,47,0
3501,1796,48,0
3501,355950,49,0
3501,1792,50,0
3501,355613,51,1
4100,1717,1,0
4100,1498,2,0
4100,1494,3,0
4100,1496,4,0
4100,1175,5,0
4100,1180,6,0
4100,1178,7,0
4100,1179,8,0
4100,2357,9,0
4100,1181,10,0
4100,1177,11,0
4100,1640,12,0
4100,1639,13,0
4100,1822,14,0
4100,1826,15,0
4100,1813,16,0
4100,1811,17,0
4100,1817,18,0
4100,1810,19,0
4100,1820,20,0
4100,1831,21,0
4100,1833,22,0
4100,1827,23,0
4100,1835,24,0
4100,1830,25,0
4100,2363,26,0
4100,2356,27,0
4100,2360,28,0
4100,2362,29,0
4100,2367,30,0
4100,2366,31,0
4100,2370,32,0
4100,1930,33,0
4100,1924,34,0
4100,1918,35,0
4100,1953,36,0
4100,1921,37,0
4100,1809,38,0
4100,2876,39,0
4100,2888,40,0
4100,2871,41,0
4100,2877,42,0
4100,2864,43,0
4100,2866,44,0
4100,2865,45,0
4100,2883,46,0
4100,2219,47,0
4100,2230,48,0
4100,2229,49,0
4100,2245,50,0
4100,2228,51,0
4100,2220,52,0
4100,2250,53,0
4100,2226,54,0
4100,2225,55,0
4100,2236,56,0
4100,355301,57,0
4100,3031,58,0
4100,3032,59,0
4100,2011,60,0
4100,3049,61,0
4100,3033,62,0
4100,3030,63,0
4100,2254,64,0
4100,2223,65,0
4100,2241,66,0
4100,2252,67,0
4100,2221,68,0
4100,2255,69,0
4100,2243,70,0
4100,2247,71,0
4100,2265,72,0
4100,2293,73,0
4100,2278,74,0
4100,2261,75,0
4100,2285,76,0
4100,2289,77,0
4100,2291,78,0
4100,2271,79,0
4100,2273,80,0
4100,2268,81,0
4100,2287,82,0
4100,2269,83,0
4100,2281,84,0
4100,3252,85,0
4100,2262,86,0
4100,2274,87,0
4100,2264,88,0
4100,2283,89,0
4100,2258,90,0
4100,2279,91,0
4100,1577,92,0
4100,2182,93,0
4100,2181,94,0
4100,355279,95,0
4100,2184,96,0
4100,2546,97,0
4100,2549,98,0
4100,2628,99,0
4100,2608,100,0
4100,2610,101,0
4100,355999,102,1
4101,2184,1,0
4101,1571,2,0
4101,1565,3,0
4101,2280,4,0
4101,2257,5,0
4101,2286,6,0
4101,2275,7,0
4101,2263,8,0
4101,2615,9,0
4101,2607,10,0
4101,2627,11,0
4101,2547,12,0
4101,2545,13,0
4101,2282,14,0
4101,2267,15,0
4101,2288,16,0
4101,2266,17,0
4101,2272,18,0
4101,2290,19,0
4101,2277,20,0
4101,2284,21,0
4101,2260,22,0
4101,2259,23,0
4101,2294,24,0
4101,2270,25,0
4101,2246,26,0
4101,2233,27,0
4101,2256,28,0
4101,2222,29,0
4101,2251,30,0
4101,2242,31,0
4101,2224,32,0
4101,355409,33,0
4101,3031,34,0
4101,3032,35,0
4101,2010,36,0
4101,3049,37,0
4101,3033,38,0
4101,3030,39,0
4101,2235,40,0
4101,2227,41,0
4101,2249,42,0
4101,2237,43,0
4101,2234,44,0
4101,2244,45,0
4101,2240,46,0
4101,2231,47,0
4101,2248,48,0
4101,2874,49,0
4101,2894,50,0
4101,2870,51,0
4101,2863,52,0
4101,2878,53,0
4101,2872,54,0
4101,355953,55,0
4101,2898,56,0
4101,355278,57,0
4101,1837,58,0
4101,2004,59,0
4101,1715,60,0
4101,1952,61,0
4101,1936,62,0
4101,1903,63,0
4101,1929,64,0
4101,2369,65,0
4101,2368,66,0
4101,2365,67,0
4101,2361,68,0
4101,2359,69,0
4101,2355,70,0
4101,2364,71,0
4101,2357,72,0
4101,2358,73,0
4101,1829,74,0
4101,1836,75,0
4101,1828,76,0
4101,1834,77,0
4101,1832,78,0
4101,1821,79,0
4101,1825,80,0
4101,1818,81,0
4101,1816,82,0
4101,1812,83,0
4101,1814,84,0
4101,1824,85,0
4101,1823,86,0
4101,1819,87,0
4101,1815,88,0
4101,1227,89,0
4101,1205,90,0
4101,1719,91,0
4101,1718,92,0
4101,1717,93,1
4200,2010,1,0
4200,3049,2,0
4200,3033,3,0
4200,3030,4,0
4200,2235,5,0
4200,2227,6,0
4200,2249,7,0
4200,2237,8,0
4200,2234,9,0
4200,2244,10,0
4200,2240,11,0
4200,2231,12,0
4200,2248,13,0
4200,2238,14,0
4200,2215,15,0
4200,2216,16,0
4200,2842,17,0
4200,2848,18,0
4200,2854,19,0
4200,2858,20,0
4200,2019,21,0
4200,2015,22,0
4200,2016,23,0
4200,355959,24,1
4201,355959,1,0
4201,2017,2,0
4201,2014,3,0
4201,2018,4,0
4201,2859,5,0
4201,2855,6,0
4201,2849,7,0
4201,2843,8,0
4201,355967,9,0
4201,2232,10,0
4201,2218,11,0
4201,2239,12,0
4201,355956,13,0
4201,2219,14,0
4201,2230,15,0
4201,2229,16,0
4201,2245,17,0
4201,2228,18,0
4201,2220,19,0
4201,2250,20,0
4201,2226,21,0
4201,2225,22,0
4201,2236,23,0
4201,355301,24,0
4201,3031,25,0
4201,3032,26,0
4201,2010,27,1
4300,2184,1,0
4300,1570,2,0
4300,1566,3,0
4300,1578,4,0
4300,2711,5,0
4300,355286,6,0
4300,2716,7,0
4300,2721,8,0
4300,2706,9,0
4300,2708,10,0
4300,356064,11,0
4300,355289,12,0
4300,2705,13,0
4300,2723,14,0
4300,2717,15,0
4300,2683,16,0
4300,3250,17,0
4300,2702,18,0
4300,2679,19,0
4300,3063,20,0
4300,3062,21,0
4300,3052,22,0
4300,356044,23,0
4300,3029,24,0
4300,3057,25,0
4300,2703,26,0
4300,2693,27,0
4300,2699,28,0
4300,2687,29,0
4300,2695,30,0
4300,2694,31,0
4300,2697,32,0
4300,2685,33,0
4300,2674,34,0
4300,2681,35,0
4300,2676,36,0
4300,2684,37,0
4300,2688,38,0
4300,355887,39,0
4300,2396,40,0
4300,356014,41,0
4300,3187,42,0
4300,3185,43,0
4300,3184,44,0
4300,2388,45,0
4300,2377,46,0
4300,2374,47,0
4300,2383,48,0
4300,2381,49,0
4300,2391,50,0
4300,2379,51,0
4300,2392,52,0
4300,2393,53,0
4300,2179,54,0
4300,2178,55,0
4300,1579,56,0
4300,1585,57,0
4300,1582,58,0
4300,1730,59,0
4300,1729,60,0
4300,355733,61,0
4300,1550,62,0
4300,1551,63,0
4300,1549,64,0
4300,1661,65,0
4300,1658,66,0
4300,1660,67,0
4300,1659,68,0
4300,1665,69,1
4301,1665,1,0
4301,355960,2,0
4301,1662,3,0
4301,355937,4,0
4301,1491,5,0
4301,1492,6,0
4301,1490,7,0
4301,1731,8,0
4301,1581,9,0
4301,1583,10,0
4301,1580,11,0
4301,1584,12,0
4301,2394,13,0
4301,2397,14,0
4301,356151,15,0
4301,356150,16,0
4301,2384,17,0
4301,2376,18,0
4301,2382,19,0
4301,2375,20,0
4301,355435,21,0
4301,2389,22,0
4301,3183,23,0
4301,3186,24,0
4301,3188,25,0
4301,2373,26,0
4301,2395,27,0
4301,355896,28,0
4301,2689,29,0
4301,2677,30,0
4301,2682,31,0
4301,2675,32,0
4301,2686,33,0
4301,2698,34,0
4301,2690,35,0
4301,2696,36,0
4301,2691,37,0
4301,2700,38,0
4301,2692,39,0
4301,3063,40,0
4301,3062,41,0
4301,3052,42,0
4301,356045,43,0
4301,3029,44,0
4301,3057,45,0
4301,3064,46,0
4301,2680,47,0
4301,2701,48,0
4301,3251,49,0
4301,2678,50,0
4301,2718,51,0
4301,2722,52,0
4301,2704,53,0
4301,355292,54,0
4301,2712,55,0
4301,2709,56,0
4301,2707,57,0
4301,2719,58,0
4301,2710,59,0
4301,355287,60,0
4301,2714,61,0
4301,2182,62,0
4301,2181,63,0
4301,355279,64,0
4301,2184,65,1
4400,356095,1,0
4400,356007,2,0
4400,1280,3,0
4400,1282,4,0
4400,1286,5,0
4400,1284,6,0
4400,355816,7,0
4400,1402,8,0
4400,1292,9,0
4400,1279,10,0
4400,1296,11,0
4400,1294,12,0
4400,355473,13,0
4400,355794,14,0
4400,355474,15,0
4400,355514,16,0
4400,355934,17,0
4400,355935,18,0
4400,355516,19,0
4400,355517,20,0
4400,355518,21,0
4400,355958,22,0
4400,355812,23,0
4400,355519,24,0
4400,356120,25,0
4400,355476,26,0
4400,356133,27,0
4400,356135,28,0
4400,356137,29,0
4400,356144,30,0
4400,356148,31,0
4400,356149,32,0
4400,355596,33,0
4400,2395,34,0
4400,356139,35,0
4400,356141,36,0
4400,356143,37,0
4400,355899,38,0
4400,355370,39,0
4400,355371,40,0
4400,355372,41,0
4400,355373,42,0
4400,355375,43,0
4400,355376,44,0
4400,355378,45,0
4400,2576,46,0
4400,2577,47,0
4400,355379,48,0
4400,355380,49,0
4400,355988,50,0
4400,355989,51,0
4400,355990,52,0
4400,355383,53,0
4400,355384,54,0
4400,355385,55,0
4400,2589,56,0
4400,2592,57,0
4400,2587,58,0
4400,2594,59,0
4400,2586,60,0
4400,356016,61,0
4400,355387,62,0
4400,355388,63,0
4400,355936,64,0
4400,356048,65,0
4400,355477,66,0
4400,355770,67,0
4400,356121,68,0
4400,355522,69,0
4400,355949,70,0
4400,355524,71,0
4400,355478,72,0
4400,355901,73,0
4400,356080,74,0
4400,355526,75,0
4400,355527,76,0
4400,355479,77,0
4400,355528,78,0
4400,355529,79,0
4400,355530,80,0
4400,355531,81,0
4400,1509,82,0
4400,356025,83,0
4400,356081,84,0
4400,356027,85,0
4400,355532,86,0
4400,355533,87,0
4400,355534,88,0
4400,355535,89,0
4400,356114,90,0
4400,355537,91,0
4400,355538,92,0
4400,355465,93,0
4400,1555,94,1
4401,356116,1,0
4401,355539,2,0
4401,356115,3,0
4401,356113,4,0
4401,355735,5,0
4401,355543,6,0
4401,355544,7,0
4401,355545,8,0
4401,356028,9,0
4401,356026,10,0
4401,355546,11,0
4401,355547,12,0
4401,355548,13,0
4401,355549,14,0
4401,355466,15,0
4401,355550,16,0
4401,355551,17,0
4401,355552,18,0
4401,355902,19,0
4401,355467,20,0
4401,355553,21,0
4401,355932,22,0
4401,355555,23,0
4401,355556,24,0
4401,355769,25,0
4401,355931,26,0
4401,1555,27,0
4401,2595,28,0
4401,355389,29,0
4401,355833,30,0
4401,355979,31,0
4401,2585,32,0
4401,2593,33,0
4401,2588,34,0
4401,355980,35,0
4401,2590,36,0
4401,355981,37,0
4401,355393,38,0
4401,355982,39,0
4401,355983,40,0
4401,355985,41,0
4401,355396,42,0
4401,355397,43,0
4401,2580,44,0
4401,355986,45,0
4401,355987,46,0
4401,355399,47,0
4401,355400,48,0
4401,355401,49,0
4401,355403,50,0
4401,355404,51,0
4401,355405,52,0
4401,355406,53,0
4401,355900,54,0
4401,356132,55,0
4401,356134,56,0
4401,356136,57,0
4401,2396,58,0
4401,355597,59,0
4401,355716,60,0
4401,356145,61,0
4401,356146,62,0
4401,356147,63,0
4401,356138,64,0
4401,356140,65,0
4401,356142,66,0
4401,355469,67,0
4401,355557,68,0
4401,355558,69,0
4401,356152,70,0
4401,355559,71,0
4401,356034,72,0
4401,355560,73,0
4401,355561,74,0
4401,355470,75,0
4401,355933,76,0
4401,355563,77,0
4401,355471,78,0
4401,355793,79,0
4401,355472,80,0
4401,1295,81,0
4401,1288,82,0
4401,1287,83,0
4401,1293,84,0
4401,1405,85,0
4401,1297,86,0
4401,355815,87,0
4401,1285,88,0
4401,1298,89,0
4401,1283,90,0
4401,1281,91,0
4401,1290,92,0
4401,355754,93,0
4401,356095,94,1
5100,355432,1,0
5100,1790,2,0
5100,1917,3,0
5100,1964,4,0
5100,1955,5,0
5100,1960,6,0
5100,356109,7,0
5100,1976,8,0
5100,1979,9,0
5100,1962,10,0
5100,1969,11,0
5100,1967,12,0
5100,1959,13,0
5100,1972,14,0
5100,1978,15,0
5100,2660,16,0
5100,2655,17,0
5100,2664,18,0
5100,355277,19,0
5100,2189,20,0
5100,355742,21,0
5100,1416,22,0
5100,1412,23,0
5100,355743,24,0
5100,3120,25,0
5100,3127,26,0
5100,3118,27,0
5100,3122,28,0
5100,3125,29,0
5100,3123,30,0
5100,2166,31,0
5100,2115,32,0
5100,2118,33,0
5100,2120,34,0
5100,355944,35,0
5100,3143,36,0
5100,3181,37,1
5101,3181,1,0
5101,355765,2,0
5101,3146,3,0
5101,2119,4,0
5101,2117,5,0
5101,2116,6,0
5101,2165,7,0
5101,3113,8,0
5101,3124,9,0
5101,3121,10,0
5101,3117,11,0
5101,3126,12,0
5101,3114,13,0
5101,3119,14,0
5101,3115,15,0
5101,1413,16,0
5101,1417,17,0
5101,1415,18,0
5101,1411,19,0
5101,2190,20,0
5101,2185,21,0
5101,2661,22,0
5101,2658,23,0
5101,2654,24,0
5101,2659,25,0
5101,1973,26,0
5101,1971,27,0
5101,355731,28,0
5101,2045,29,0
5101,2146,30,0
5101,2148,31,0
5101,2135,32,0
5101,2158,33,0
5101,2157,34,0
5101,2160,35,0
5101,2128,36,0
5101,2121,37,0
5101,2150,38,0
5101,1765,39,0
5101,355432,40,1
5200,2349,1,0
5200,3240,2,0
5200,3231,3,0
5200,3241,4,0
5200,3237,5,0
5200,3228,6,0
5200,3227,7,0
5200,3234,8,0
5200,3235,9,0
5200,355943,10,0
5200,2340,11,0
5200,2341,12,0
5200,2346,13,0
5200,2347,14,0
5200,2442,15,0
5200,2439,16,0
5200,2440,17,0
5200,2441,18,0
5200,2350,19,1
5201,2350,1,0
5201,2731,2,0
5201,2730,3,0
5201,2732,4,0
5201,2348,5,0
5201,2344,6,0
5201,2343,7,0
5201,2339,8,0
5201,1603,9,0
5201,3236,10,0
5201,3233,11,0
5201,3230,12,0
5201,3229,13,0
5201,3238,14,0
5201,3242,15,0
5201,3232,16,0
5201,3239,17,0
5201,2349,18,1
5500,1399,1,0
5500,2507,2,0
5500,2490,3,0
5500,2513,4,0
5500,2491,5,0
5500,2499,6,0
5500,2501,7,0
5500,2506,8,0
5500,1678,9,0
5500,1670,10,0
5500,1679,11,0
5500,1685,12,0
5500,1684,13,0
5500,1686,14,0
5500,1681,15,0
5500,1691,16,0
5500,1671,17,0
5500,1675,18,0
5500,1666,19,0
5500,1676,20,0
5500,1669,21,0
5500,1682,22,0
5500,1798,23,0
5500,1617,24,0
5500,1616,25,0
5500,1613,26,0
5500,1619,27,0
5500,1611,28,0
5500,1610,29,0
5500,1048,30,0
5500,1075,31,0
5500,355782,32,0
5500,1132,33,0
5500,1135,34,0
5500,1129,35,0
5500,1137,36,0
5500,1143,37,0
5500,1140,38,0
5500,1145,39,0
5500,355928,40,0
5500,1378,41,0
5500,1033,42,0
5500,1034,43,0
5500,1032,44,0
5500,1035,45,0
5500,355746,46,0
5500,1130,47,0
5500,1142,48,1
5501,1798,1,0
5501,1683,2,0
5501,356086,3,0
5501,1677,4,0
5501,1667,5,0
5501,1689,6,0
5501,1672,7,0
5501,1690,8,0
5501,1688,9,0
5501,1687,10,0
5501,1693,11,0
5501,1674,12,0
5501,355777,13,0
5501,1680,14,0
5501,1692,15,0
5501,1673,16,0
5501,1142,17,0
5501,1131,18,0
5501,1146,19,0
5501,1141,20,0
5501,1144,21,0
5501,1138,22,0
5501,1139,23,0
5501,1136,24,0
5501,1133,25,0
5501,355781,26,0
5501,1076,27,0
5501,1048,28,0
5501,1075,29,0
5501,1609,30,0
5501,1612,31,0
5501,1618,32,0
5501,1614,33,0
5501,1615,34,0
5501,2504,35,0
5501,355929,36,0
5501,2500,37,0
5501,2492,38,0
5501,2512,39,0
5501,2521,40,0
5501,2508,41,0
5501,1400,42,0
5501,1399,43,1
5800,1402,1,0
5800,1292,2,0
5800,1279,3,0
5800,1296,4,0
5800,1294,5,0
5800,1876,6,0
5800,1870,7,0
5800,1892,8,0
5800,1882,9,0
5800,1886,10,0
5800,1887,11,0
5800,1883,12,0
5800,1871,13,0
5800,1878,14,0
5800,1889,15,0
5800,1873,16,0
5800,1868,17,0
5800,1621,18,0
5800,1620,19,0
5800,1685,20,0
5800,1866,21,1
5801,1866,1,0
5801,1879,2,0
5801,1880,3,0
5801,1867,4,0
5801,1872,5,0
5801,1888,6,0
5801,1877,7,0
5801,1874,8,0
5801,1884,9,0
5801,1890,10,0
5801,1885,11,0
5801,1881,12,0
5801,1891,13,0
5801,1869,14,0
5801,1875,15,0
5801,1295,16,0
5801,1288,17,0
5801,1287,18,0
5801,1293,19,0
5801,1400,20,0
5801,1402,21,1
453001,356009,1,0
453001,1445,2,0
453001,1444,3,0
453001,2877,4,0
453001,2864,5,0
453001,2866,6,0
453001,2865,7,0
453001,2883,8,0
453001,2892,9,0
453001,2868,10,0
453001,2869,11,0
453001,2881,12,0
453001,2885,13,0
453001,2890,14,0
453001,2886,15,0
453001,2896,16,0
453001,2899,17,0
453001,355376,18,0
453001,355378,19,0
453001,2754,20,0
453001,2770,21,0
453001,2736,22,0
453001,2741,23,0
453001,2778,24,0
453001,2696,25,0
453001,2766,26,0
453001,2758,27,0
453001,2740,28,1
