'1merged1842992',506400,61500,,'',0,1500,,'',0,1500,,'',0,5500,,'',0,1500,,'',0,1500,,'',0,1500,,'',0,5500,,'',0,1500,,'',0,1500,,'',0,1500,,'',0,5500,,'',0,3000,,'',0,7000,,'',0,3000,,'',0,7000,,'',0,3000,,'',0,7000,,'',0,3000,,'',0,7000,,'',0,3000,,'',0,1500,,'',0,5500,,'',0,1500,,'',0,1500,,'',0,1500,,'',0,5500,,'',0,1500,,'',0,1500,,'',0,1500,,'',0,5500,,'',0,1500,,'',0,1500,,'',0,1500,,'',0,5500,,'',0,1500,,'',0,1500,,'',0,7000,,'',0,3000,,'',0,7000,,'',0,3000,,'',0,7000,,'',0,3000,,'',0,7000,,'',0,3000,,'',0,7000,,'',0
'1merged1842992',506401,61200,4,'',0,3000,4,'',0,6700,4,'',0,1800,4,'',0,1500,4,'',0,1500,4,'',0,5500,4,'',0,1500,4,'',0,1500,4,'',0,1500,4,'',0,5500,4,'',0,1300,4,'',0,1500,4,'',0,1500,4,'',0,6700,4,'',0,3000,4,'',0,7000,4,'',0,3000,4,'',0,7000,4,'',0,3000,4,'',0,7000,4,'',0,3000,4,'',0,7000,4,'',0,2100,4,'',0,1500,4,'',0,5500,4,'',0,1500,4,'',0,1500,4,'',0,1500,4,'',0,5500,4,'',0,1500,4,'',0,1500,4,'',0,1500,4,'',0,5500,4,'',0,1500,4,'',0,1500,4,'',0,1100,4,'',0,5600,4,'',0,1600,4,'',0,3100,4,'',0,7000,4,'',0,3000,4,'',0,7000,4,'',0,3000,4,'',0,7000,4,'',0,3000,4,'',0,9900,4,'',0
'2merged1842994',506400,63000,,'',0,7000,,'',0,3000,,'',0,7000,,'',0,3000,,'',0,7000,,'',0,3000,,'',0,7000,,'',0,3000,,'',0,7000,,'',0,3000,,'',0,7000,,'',0,3000,,'',0,7000,,'',0,3000,,'',0,7000,,'',0,3000,,'',0,7000,,'',0,3000,,'',0,7000,,'',0,3000,,'',0,7000,,'',0,3000,,'',0,7000,,'',0,3000,,'',0,7000,,'',0,3000,,'',0,7000,,'',0,3000,,'',0,7000,,'',0,10000,,'',0
'2merged1842994',506401,62500,4,'',0,3000,4,'',0,7000,4,'',0,3000,4,'',0,7000,4,'',0,3000,4,'',0,7000,4,'',0,3000,4,'',0,8800,4,'',0,7000,4,'',0,3000,4,'',0,7000,4,'',0,3000,4,'',0,7000,4,'',0,3000,4,'',0,7000,4,'',0,3000,4,'',0,7000,4,'',0,3000,4,'',0,7000,4,'',0,3000,4,'',0,7000,4,'',0,3000,4,'',0,7000,4,'',0,1900,4,'',0,2300,4,'',0,7000,4,'',0,3000,4,'',0,7000,4,'',0,3000,4,'',0,10000,4,'',0,9900,4,'',0
'3merged1842993',506400,83000,,'',0,7000,,'',0,3000,,'',0,7000,,'',0,3000,,'',0,7000,,'',0,3000,,'',0,7000,,'',0,3000,,'',0,7000,,'',0,3000,,'',0,7000,,'',0,3000,,'',0,7000,,'',0,3000,,'',0,7000,,'',0,3000,,'',0,7000,,'',0,3000,,'',0,7000,,'',0
'3merged1842993',506401,92500,4,'',0,3000,4,'',0,7000,4,'',0,3000,4,'',0,7000,4,'',0,3000,4,'',0,7000,4,'',0,3000,4,'',0,7000,4,'',0,3000,4,'',0,7000,4,'',0,3000,4,'',0,7000,4,'',0,3000,4,'',0,7000,4,'',0,3000,4,'',0,7000,4,'',0,3000,4,'',0,6400,4,'',0,3000,4,'',0
'5',506400,83000,,'',0,7000,,'',0,3000,,'',0,7000,,'',0,3000,,'',0,7000,,'',0,3000,,'',0,7000,,'',0,3000,,'',0,7000,,'',0,3000,,'',0,7000,,'',0,3000,,'',0,7000,,'',0,3000,,'',0,7000,,'',0,3000,,'',0,7000,,'',0,3000,,'',0,7000,,'',0
'5',506401,92500,4,'',0,3000,4,'',0,7000,4,'',0,3000,4,'',0,7000,4,'',0,3000,4,'',0,7000,4,'',0,3000,4,'',0,7000,4,'',0,3000,4,'',0,7000,4,'',0,3000,4,'',0,7000,4,'',0,3000,4,'',0,7000,4,'',0,3000,4,'',0,7000,4,'',0,3000,4,'',0,6400,4,'',0,3000,4,'',0
'7merged1842995',506400,83000,,'',0,7000,,'',0,3000,,'',0,7000,,'',0,3000,,'',0,7000,,'',0,3000,,'',0,7000,,'',0,3000,,'',0,7000,,'',0,3000,,'',0,7000,,'',0,3000,,'',0,7000,,'',0,3000,,'',0,7000,,'',0,3000,,'',0,7000,,'',0,3000,,'',0,7000,,'',0
'7merged1842995',506401,92500,4,'',0,3000,4,'',0,7000,4,'',0,3000,4,'',0,7000,4,'',0,3000,4,'',0,7000,4,'',0,3000,4,'',0,7000,4,'',0,3000,4,'',0,7000,4,'',0,3000,4,'',0,7000,4,'',0,3000,4,'',0,7000,4,'',0,3000,4,'',0,7000,4,'',0,3000,4,'',0,6400,4,'',0,3000,4,'',0
'14601merged1842999',509100,72500,,'',0,1300,,'',0,700,,'',0,700,,'',0,4800,,'',0,700,,'',0,800,,'',0,700,,'',0,800,,'',0,700,,'',0,800,,'',0,700,,'',0,4800,,'',0,700,,'',0,800,,'',0,700,,'',0,1000,,'',0,1000,,'',0,1000,,'',0,5000,,'',0,1000,,'',0,1000,,'',0,1000,,'',0,1000,,'',0,1000,,'',0,5000,,'',0,1000,,'',0,1000,,'',0,1000,,'',0,1000,,'',0,1000,,'',0,5000,,'',0,1000,,'',0,1000,,'',0,1000,,'',0,1000,,'',0,1000,,'',0,5000,,'',0,1000,,'',0,1000,,'',0,1000,,'',0,1000,,'',0,1000,,'',0,5000,,'',0,1000,,'',0,1000,,'',0,1000,,'',0,1000,,'',0,1000,,'',0,700,,'',0,4800,,'',0,700,,'',0,800,,'',0,700,,'',0,800,,'',0,700,,'',0,800,,'',0,700,,'',0,4800,,'',0,700,,'',0,800,,'',0,700,,'',0,800,,'',0,700,,'',0,800,,'',0,700,,'',0,4800,,'',0,700,,'',0,800,,'',0,700,,'',0,800,,'',0,700,,'',0,800,,'',0,700,,'',0,4800,,'',0,1100,,'',0,1500,,'',0,1500,,'',0,5500,,'',0,1500,,'',0,1500,,'',0,1500,,'',0,5500,,'',0,1500,,'',0,1500,,'',0,1500,,'',0,5500,,'',0,1500,,'',0,1500,,'',0,2300,,'',0,7000,,'',0,3000,,'',0,7000,,'',0,3000,,'',0,7000,,'',0,3000,,'',0,7000,,'',0,3000,,'',0,7000,,'',0
'14601merged1842999',509101,80100,4,'',0,1500,4,'',0,1000,4,'',0,1000,4,'',0,1000,4,'',0,800,4,'',0,4700,4,'',0,800,4,'',0,900,4,'',0,800,4,'',0,800,4,'',0,800,4,'',0,700,4,'',0,800,4,'',0,4700,4,'',0,800,4,'',0,1300,4,'',0,1000,4,'',0,1000,4,'',0,1000,4,'',0,5000,4,'',0,1000,4,'',0,1000,4,'',0,1000,4,'',0,1000,4,'',0,1000,4,'',0,5000,4,'',0,1000,4,'',0,1000,4,'',0,1000,4,'',0,1000,4,'',0,1000,4,'',0,5000,4,'',0,1000,4,'',0,1000,4,'',0,1000,4,'',0,1000,4,'',0,1000,4,'',0,5000,4,'',0,1000,4,'',0,1000,4,'',0,1000,4,'',0,1000,4,'',0,1000,4,'',0,4800,4,'',0,700,4,'',0,800,4,'',0,700,4,'',0,800,4,'',0,700,4,'',0,800,4,'',0,700,4,'',0,4800,4,'',0,700,4,'',0,800,4,'',0,700,4,'',0,800,4,'',0,700,4,'',0,800,4,'',0,700,4,'',0,4800,4,'',0,700,4,'',0,800,4,'',0,700,4,'',0,800,4,'',0,700,4,'',0,800,4,'',0,700,4,'',0,4800,4,'',0,700,4,'',0,800,4,'',0,700,4,'',0,800,4,'',0,800,4,'',0,1000,4,'',0,5000,4,'',0,1000,4,'',0,1000,4,'',0,1000,4,'',0,1400,4,'',0,5500,4,'',0,1500,4,'',0,1500,4,'',0,1500,4,'',0,5500,4,'',0,1500,4,'',0,1500,4,'',0,1500,4,'',0,5500,4,'',0,1500,4,'',0,1500,4,'',0,2200,4,'',0,7000,4,'',0,3000,4,'',0,7000,4,'',0,3000,4,'',0,7000,4,'',0,2700,4,'',0,7000,4,'',0
'14602merged1842998',509100,112100,,'',0,3000,,'',0,7000,,'',0,3000,,'',0,7000,,'',0,3000,,'',0,7000,,'',0,3000,,'',0,7000,,'',0,3000,,'',0,7000,,'',0,3000,,'',0,7000,,'',0,3000,,'',0,7000,,'',0,3000,,'',0,7000,,'',0,3000,,'',0,7000,,'',0,3000,,'',0,7000,,'',0,3500,,'',0,7000,,'',0,3000,,'',0,7000,,'',0,3000,,'',0,7000,,'',0,3000,,'',0,7000,,'',0,3000,,'',0,7000,,'',0
'14602merged1842998',509101,114500,4,'',0,7000,4,'',0,3000,4,'',0,7000,4,'',0,3000,4,'',0,7000,4,'',0,3000,4,'',0,7000,4,'',0,3000,4,'',0,7000,4,'',0,3000,4,'',0,7000,4,'',0,3000,4,'',0,7000,4,'',0,3000,4,'',0,7000,4,'',0,3000,4,'',0,7000,4,'',0,3000,4,'',0,7000,4,'',0,3000,4,'',0,7000,4,'',0,3500,4,'',0,7000,4,'',0,3000,4,'',0,7000,4,'',0,3000,4,'',0,7000,4,'',0,2700,4,'',0,7000,4,'',0
