'1601merged1750087',4100,73900,4,'',0,800,4,'',0,200,4,'',0,8000,4,'',0,300,4,'',0,300,4,'',0,100,4,'',0,68200,4,'',0,1900,4,'',0
'1601merged1750087',4101,80500,,'',0,64100,0,'Lime Rdg Mall',0,7700,0,'Lime Rdg Mall',0,600,0,'Lime Rdg Mall',0
'1merged1750070',4100,51000,4,'',0,4600,4,'',0,8900,4,'',0,8000,4,'',0,3000,4,'',0,7000,4,'',0,3000,4,'',0,7000,4,'',0,3200,4,'',0,7000,4,'',0,7900,4,'',0,4000,4,'',0,8000,4,'',0,8000,4,'',0,4000,4,'',0,8000,4,'',0,8000,4,'',0,3500,4,'',0,7200,4,'',0,3000,4,'',0,7000,4,'',0,3000,4,'',0,7000,4,'',0,2800,4,'',0,7000,4,'',0,3500,4,'',0,8000,4,'',0,8000,4,'',0,4000,4,'',0,7800,4,'',0,8000,4,'',0,4000,4,'',0,8000,4,'',0,8000,4,'',0,4000,4,'',0
'1merged1750070',4101,51500,,'',0,8800,,'',0,3500,,'',0,7000,,'',0,3000,,'',0,7000,,'',0,3500,,'',0,7700,,'',0,8000,,'',0,4000,,'',0,8000,,'',0,8000,,'',0,4000,,'',0,8000,,'',0,3500,,'',0,7000,,'',0,2900,,'',0,7000,,'',0,3000,,'',0,7000,,'',0,3000,,'',0,7000,,'',0,3300,,'',0,8000,,'',0,8000,,'',0,4000,,'',0,8000,,'',0,8300,,'',0,8000,,'',0,4000,,'',0,8000,,'',0,8000,,'',0,10500,0,'Mohawk @ Upper James',0
'2merged1750072',4100,45800,4,'',0,10000,4,'',0,9300,4,'',0,15000,4,'',0,4400,4,'',0,5600,4,'',0,5000,4,'',0,8100,4,'',0,8000,4,'',0,4000,4,'',0,8000,4,'',0,8000,4,'',0,4000,4,'',0,8000,4,'',0,8000,4,'',0,4000,4,'',0,8000,4,'',0,8000,4,'',0,4000,4,'',0,8000,4,'',0,7800,4,'',0,4500,4,'',0,8000,4,'',0,8000,4,'',0,4000,4,'',0,9000,4,'',0,10000,4,'',0,10000,4,'',0,10000,4,'',0
'2merged1750072',4101,50300,,'',0,11000,,'',0,10000,,'',0,10000,,'',0,4000,,'',0,7700,,'',0,8000,,'',0,4000,,'',0,8000,,'',0,8000,,'',0,4000,,'',0,8000,,'',0,8000,,'',0,4000,,'',0,8000,,'',0,8000,,'',0,4000,,'',0,8000,,'',0,7500,,'',0,4800,,'',0,8000,,'',0,8000,,'',0,4000,,'',0,9500,,'',0,10000,,'',0,10000,,'',0
'301merged1750077',4101,140700,0,'Lime Rdg Mall',0
'3merged1750071',4100,63400,4,'',0,18100,4,'',0,20000,4,'',0,10400,4,'',0,9600,4,'',0,10000,4,'',0,9000,4,'',0,10000,4,'',0,10000,4,'',0,10000,4,'',0,10000,4,'',0,10000,4,'',0,10000,4,'',0,10000,4,'',0,9800,4,'',0,12900,4,'',0
'3merged1750071',4101,63400,,'',0,20000,,'',0,10000,,'',0,9600,,'',0,10000,,'',0,8600,,'',0,10000,,'',0,10000,,'',0,10000,,'',0,10000,,'',0,9600,,'',0,11200,,'',0,10000,,'',0,10000,,'',0,18000,,'',0
'4merged1750074',4100,74300,4,'',0,10000,4,'',0,10000,4,'',0,10000,4,'',0,10000,4,'',0,10000,4,'',0,10000,4,'',0,10000,4,'',0,10000,4,'',0,10000,4,'',0,10000,4,'',0,10000,4,'',0,10000,4,'',0,10000,4,'',0,10000,4,'',0
'4merged1750074',4101,64800,,'',0,10000,,'',0,10000,,'',0,10000,,'',0,10000,,'',0,10000,,'',0,10000,,'',0,10000,,'',0,10000,,'',0,10000,,'',0,10000,,'',0,10000,,'',0,10000,,'',0,10000,,'',0,10000,,'',0
'5merged1750073',4100,45800,4,'',0,10000,4,'',0,9300,4,'',0,15000,4,'',0,4400,4,'',0,5600,4,'',0,5000,4,'',0,8100,4,'',0,8000,4,'',0,4000,4,'',0,8000,4,'',0,8000,4,'',0,4000,4,'',0,8000,4,'',0,8000,4,'',0,4000,4,'',0,8000,4,'',0,8000,4,'',0,4000,4,'',0,8000,4,'',0,7800,4,'',0,4500,4,'',0,8000,4,'',0,8000,4,'',0,4000,4,'',0,9000,4,'',0,10000,4,'',0,10000,4,'',0,10000,4,'',0,11200,4,'',0
'5merged1750073',4101,50300,,'',0,11000,,'',0,10000,,'',0,10000,,'',0,4000,,'',0,7700,,'',0,8000,,'',0,4000,,'',0,8000,,'',0,8000,,'',0,4000,,'',0,8000,,'',0,8000,,'',0,4000,,'',0,8000,,'',0,8000,,'',0,4000,,'',0,8000,,'',0,7500,,'',0,4800,,'',0,8000,,'',0,8000,,'',0,4000,,'',0,9500,,'',0,10000,,'',0,10000,,'',0,10700,,'',0,9800,,'',0
'6merged1750076',4100,45800,4,'',0,10000,4,'',0,9300,4,'',0,15000,4,'',0,4400,4,'',0,5600,4,'',0,5000,4,'',0,8100,4,'',0,8000,4,'',0,4000,4,'',0,8000,4,'',0,8000,4,'',0,4000,4,'',0,8000,4,'',0,8000,4,'',0,4000,4,'',0,8000,4,'',0,8000,4,'',0,4000,4,'',0,8000,4,'',0,7800,4,'',0,4500,4,'',0,8000,4,'',0,8000,4,'',0,4000,4,'',0,9000,4,'',0,10000,4,'',0,10000,4,'',0,10000,4,'',0
'6merged1750076',4101,50300,,'',0,11000,,'',0,10000,,'',0,10000,,'',0,4000,,'',0,7700,,'',0,8000,,'',0,4000,,'',0,8000,,'',0,8000,,'',0,4000,,'',0,8000,,'',0,8000,,'',0,4000,,'',0,8000,,'',0,8000,,'',0,4000,,'',0,8000,,'',0,7500,,'',0,4800,,'',0,8000,,'',0,8000,,'',0,4000,,'',0,9500,,'',0,10000,,'',0,10000,,'',0
'7merged1750075',4100,63400,4,'',0,18100,4,'',0,20000,4,'',0,10400,4,'',0,9600,4,'',0,10000,4,'',0,9000,4,'',0,10000,4,'',0,10000,4,'',0,10000,4,'',0,10000,4,'',0,10000,4,'',0,10000,4,'',0,10000,4,'',0,9800,4,'',0
'7merged1750075',4101,63400,,'',0,20000,,'',0,10000,,'',0,9600,,'',0,10000,,'',0,8600,,'',0,10000,,'',0,10000,,'',0,10000,,'',0,10000,,'',0,9600,,'',0,11200,,'',0,10000,,'',0,10000,,'',0,18000,,'',0
'1merged1750070',4300,51100,,'',0,3200,,'',0,7000,,'',0,3000,,'',0,6600,,'',0,2000,,'',0,2000,,'',0,6000,,'',0,2000,,'',0,2000,,'',0,6000,,'',0,3000,,'',0,6800,,'',0,3000,,'',0,7000,,'',0,3000,,'',0,7000,,'',0,3000,,'',0,6400,,'',0,3000,,'',0,2400,,'',0,6000,,'',0,2000,,'',0,2000,,'',0,6000,,'',0,2000,,'',0,2000,,'',0,6000,,'',0,2000,,'',0,2000,,'',0,6000,,'',0,3000,,'',0,7000,,'',0,3000,,'',0,7000,,'',0,3000,,'',0,7000,,'',0,3000,,'',0,8500,,'',0,9000,,'',0,9000,,'',0,9000,,'',0
'1merged1750070',4301,60300,4,'',0,3000,4,'',0,7000,4,'',0,3000,4,'',0,7000,4,'',0,2200,4,'',0,2000,4,'',0,6000,4,'',0,2000,4,'',0,2000,4,'',0,6000,4,'',0,1700,4,'',0,2000,4,'',0,6000,4,'',0,2000,4,'',0,2900,4,'',0,7000,4,'',0,3000,4,'',0,7000,4,'',0,3000,4,'',0,7000,4,'',0,3000,4,'',0,7400,4,'',0,3000,4,'',0,7000,4,'',0,2000,4,'',0,6000,4,'',0,2000,4,'',0,2000,4,'',0,6000,4,'',0,2000,4,'',0,2000,4,'',0,6000,4,'',0,1900,4,'',0,2000,4,'',0,6000,4,'',0,2000,4,'',0,2900,4,'',0,7000,4,'',0,3000,4,'',0,7000,4,'',0,3000,4,'',0,7900,4,'',0,8700,4,'',0,9000,4,'',0
'2merged1750072',4300,60500,,'',0,3000,,'',0,7000,,'',0,3000,,'',0,7000,,'',0,3000,,'',0,7000,,'',0,3000,,'',0,7000,,'',0,3000,,'',0,7000,,'',0,3000,,'',0,7000,,'',0,3000,,'',0,7000,,'',0,3000,,'',0,7000,,'',0,3000,,'',0,7000,,'',0,3000,,'',0,7000,,'',0,3000,,'',0,7000,,'',0,3000,,'',0,7000,,'',0,3000,,'',0,7000,,'',0,5000,,'',0,9000,,'',0,9000,,'',0,9000,,'',0,9000,,'',0,9000,,'',0
'2merged1750072',4301,71200,4,'',0,3800,4,'',0,7000,4,'',0,3000,4,'',0,7000,4,'',0,3000,4,'',0,7000,4,'',0,3000,4,'',0,7000,4,'',0,3000,4,'',0,7000,4,'',0,3000,4,'',0,7000,4,'',0,3000,4,'',0,7000,4,'',0,3000,4,'',0,7000,4,'',0,3000,4,'',0,7000,4,'',0,3000,4,'',0,7000,4,'',0,3000,4,'',0,7000,4,'',0,3000,4,'',0,7000,4,'',0,3000,4,'',0,7000,4,'',0,3000,4,'',0,7000,4,'',0,9000,4,'',0,9000,4,'',0,5000,4,'',0,9000,4,'',0,8300,4,'',0
'3merged1750071',4300,60000,,'',0,3000,,'',0,7000,,'',0,3000,,'',0,7000,,'',0,3000,,'',0,7000,,'',0,3000,,'',0,7000,,'',0,3000,,'',0,7000,,'',0,3000,,'',0,7000,,'',0,3000,,'',0,7000,,'',0,3000,,'',0,7000,,'',0,3000,,'',0,7000,,'',0,3000,,'',0,7000,,'',0,3000,,'',0,7000,,'',0,3000,,'',0,7000,,'',0,3500,,'',0,9000,,'',0,9000,,'',0,9000,,'',0,5000,,'',0,9200,,'',0,9000,,'',0
'3merged1750071',4301,70900,4,'',0,3000,4,'',0,7000,4,'',0,3000,4,'',0,7000,4,'',0,3000,4,'',0,7000,4,'',0,3000,4,'',0,7000,4,'',0,3000,4,'',0,7000,4,'',0,3000,4,'',0,7000,4,'',0,3000,4,'',0,7000,4,'',0,3000,4,'',0,7000,4,'',0,3000,4,'',0,7000,4,'',0,3000,4,'',0,7000,4,'',0,3000,4,'',0,7000,4,'',0,3000,4,'',0,7000,4,'',0,3000,4,'',0,7000,4,'',0,3400,4,'',0,9000,4,'',0,9000,4,'',0,9000,4,'',0,9000,4,'',0,5000,4,'',0
'4merged1750074',4300,60000,,'',0,5000,,'',0,9000,,'',0,9000,,'',0,9000,,'',0,9000,,'',0,9000,,'',0,5000,,'',0,9000,,'',0,9000,,'',0,9000,,'',0,9000,,'',0,9000,,'',0,5000,,'',0,9000,,'',0,9000,,'',0,9000,,'',0,9000,,'',0,9000,0,'Lime Rdg Mall',0
'4merged1750074',4301,71200,4,'',0,9000,4,'',0,5000,4,'',0,9000,4,'',0,9000,4,'',0,9000,4,'',0,9000,4,'',0,9000,4,'',0,5000,4,'',0,9000,4,'',0,9000,4,'',0,9000,4,'',0,9000,4,'',0,9000,4,'',0,5000,4,'',0,9000,4,'',0,9000,4,'',0,9000,4,'',0
'5merged1750073',4300,60500,,'',0,3000,,'',0,7000,,'',0,3000,,'',0,7000,,'',0,3000,,'',0,7000,,'',0,3000,,'',0,7000,,'',0,3000,,'',0,7000,,'',0,3000,,'',0,7000,,'',0,3000,,'',0,7000,,'',0,3000,,'',0,7000,,'',0,3000,,'',0,7000,,'',0,3000,,'',0,7000,,'',0,3000,,'',0,7000,,'',0,3000,,'',0,7000,,'',0,3000,,'',0,7000,,'',0,5000,,'',0,9000,,'',0,9000,,'',0,9000,,'',0,9000,,'',0,9000,,'',0,5000,,'',0,9000,,'',0
'5merged1750073',4301,71200,4,'',0,3800,4,'',0,7000,4,'',0,3000,4,'',0,7000,4,'',0,3000,4,'',0,7000,4,'',0,3000,4,'',0,7000,4,'',0,3000,4,'',0,7000,4,'',0,3000,4,'',0,7000,4,'',0,3000,4,'',0,7000,4,'',0,3000,4,'',0,7000,4,'',0,3000,4,'',0,7000,4,'',0,3000,4,'',0,7000,4,'',0,3000,4,'',0,7000,4,'',0,3000,4,'',0,7000,4,'',0,3000,4,'',0,7000,4,'',0,3000,4,'',0,7000,4,'',0,9000,4,'',0,9000,4,'',0,5000,4,'',0,9000,4,'',0,9000,4,'',0,9000,4,'',0
'6merged1750076',4300,60500,,'',0,3000,,'',0,7000,,'',0,3000,,'',0,7000,,'',0,3000,,'',0,7000,,'',0,3000,,'',0,7000,,'',0,3000,,'',0,7000,,'',0,3000,,'',0,7000,,'',0,3000,,'',0,7000,,'',0,3000,,'',0,7000,,'',0,3000,,'',0,7000,,'',0,3000,,'',0,7000,,'',0,3000,,'',0,7000,,'',0,3000,,'',0,7000,,'',0,3000,,'',0,7000,,'',0,5000,,'',0,9000,,'',0,9000,,'',0,9000,,'',0,9000,,'',0,9000,,'',0
'6merged1750076',4301,71200,4,'',0,3800,4,'',0,7000,4,'',0,3000,4,'',0,7000,4,'',0,3000,4,'',0,7000,4,'',0,3000,4,'',0,7000,4,'',0,3000,4,'',0,7000,4,'',0,3000,4,'',0,7000,4,'',0,3000,4,'',0,7000,4,'',0,3000,4,'',0,7000,4,'',0,3000,4,'',0,7000,4,'',0,3000,4,'',0,7000,4,'',0,3000,4,'',0,7000,4,'',0,3000,4,'',0,7000,4,'',0,3000,4,'',0,7000,4,'',0,3000,4,'',0,7000,4,'',0,9000,4,'',0,9000,4,'',0,5000,4,'',0,9000,4,'',0,8300,4,'',0
'7merged1750075',4300,60000,,'',0,3000,,'',0,7000,,'',0,3000,,'',0,7000,,'',0,3000,,'',0,7000,,'',0,3000,,'',0,7000,,'',0,3000,,'',0,7000,,'',0,3000,,'',0,7000,,'',0,3000,,'',0,7000,,'',0,3000,,'',0,7000,,'',0,3000,,'',0,7000,,'',0,3000,,'',0,7000,,'',0,3000,,'',0,7000,,'',0,3000,,'',0,7000,,'',0,3500,,'',0,9000,,'',0,9000,,'',0,9000,,'',0,5000,,'',0
'7merged1750075',4301,70900,4,'',0,3000,4,'',0,7000,4,'',0,3000,4,'',0,7000,4,'',0,3000,4,'',0,7000,4,'',0,3000,4,'',0,7000,4,'',0,3000,4,'',0,7000,4,'',0,3000,4,'',0,7000,4,'',0,3000,4,'',0,7000,4,'',0,3000,4,'',0,7000,4,'',0,3000,4,'',0,7000,4,'',0,3000,4,'',0,7000,4,'',0,3000,4,'',0,7000,4,'',0,3000,4,'',0,7000,4,'',0,3000,4,'',0,7000,4,'',0,3400,4,'',0,9000,4,'',0,9000,4,'',0
