'1',503500,55600,4,'',0,5300,4,'',0,2200,4,'',0,1300,4,'',0,5900,4,'',0,1400,4,'',0,1600,4,'',0,1400,4,'',0,5600,4,'',0,1400,4,'',0,1600,4,'',0,1400,4,'',0,5600,4,'',0,1400,4,'',0,1600,4,'',0,1500,4,'',0,6000,4,'',0,2000,4,'',0,2000,4,'',0,6000,4,'',0,2000,4,'',0,2000,4,'',0,6000,4,'',0,2000,4,'',0,2000,4,'',0,6000,4,'',0,2000,4,'',0,2000,4,'',0,6000,4,'',0,2000,4,'',0,1800,4,'',0,6500,4,'',0,2000,4,'',0,1500,4,'',0,5500,4,'',0,1500,4,'',0,1500,4,'',0,1500,4,'',0,5500,4,'',0,1500,4,'',0,1500,4,'',0,1500,4,'',0,5500,4,'',0,1500,4,'',0,1500,4,'',0,2000,4,'',0,6000,4,'',0,1700,4,'',0,2000,4,'',0,6000,4,'',0,2000,4,'',0,2000,4,'',0,6000,4,'',0,2000,4,'',0,3000,4,'',0,6500,4,'',0,3200,4,'',0,6800,4,'',0,3200,4,'',0,6800,4,'',0,3200,4,'',0,8800,4,'',0
'1',503501,44000,,'',0,8000,,'',0,1700,,'',0,6300,,'',0,1300,,'',0,2100,,'',0,1900,,'',0,5800,,'',0,1400,,'',0,1600,,'',0,1400,,'',0,5600,,'',0,1400,,'',0,1800,,'',0,1400,,'',0,5600,,'',0,1400,,'',0,1600,,'',0,1600,,'',0,6100,,'',0,1900,,'',0,6100,,'',0,1900,,'',0,2100,,'',0,1900,,'',0,6100,,'',0,1900,,'',0,6100,,'',0,1900,,'',0,2100,,'',0,1500,,'',0,5200,,'',0,1200,,'',0,1800,,'',0,1200,,'',0,5800,,'',0,1200,,'',0,1800,,'',0,1200,,'',0,5800,,'',0,1200,,'',0,1800,,'',0,1200,,'',0,6300,,'',0,1500,,'',0,1500,,'',0,1500,,'',0,5500,,'',0,1500,,'',0,1500,,'',0,1500,,'',0,5500,,'',0,2000,,'',0,2000,,'',0,6000,,'',0,2000,,'',0,2000,,'',0,6000,,'',0,1600,,'',0,7400,,'',0,2800,,'',0,7200,,'',0,2800,,'',0,7000,,'',0,2600,,'',0,3000,,'',0
'2',503500,60800,4,'',0,3200,4,'',0,6800,4,'',0,3200,4,'',0,6800,4,'',0,3200,4,'',0,6800,4,'',0,2700,4,'',0,1600,4,'',0,6400,4,'',0,1600,4,'',0,2400,4,'',0,5600,4,'',0,2400,4,'',0,1600,4,'',0,6400,4,'',0,1600,4,'',0,2400,4,'',0,5600,4,'',0,2400,4,'',0,1600,4,'',0,6400,4,'',0,1600,4,'',0,2400,4,'',0,5600,4,'',0,2400,4,'',0,1600,4,'',0,6400,4,'',0,1600,4,'',0,2400,4,'',0,5600,4,'',0,2000,4,'',0,1700,4,'',0,6800,4,'',0,2200,4,'',0,7300,4,'',0,2700,4,'',0,7300,4,'',0,2700,4,'',0,7300,4,'',0,2700,4,'',0,7300,4,'',0,2600,4,'',0,7100,4,'',0,2900,4,'',0,7100,4,'',0,2900,4,'',0,7100,4,'',0,3400,4,'',0
'2',503501,51800,,'',0,3000,,'',0,7000,,'',0,3000,,'',0,7000,,'',0,3000,,'',0,7100,,'',0,2900,,'',0,6800,,'',0,2800,,'',0,6900,,'',0,1800,,'',0,1900,,'',0,6100,,'',0,1900,,'',0,2100,,'',0,5900,,'',0,2100,,'',0,1900,,'',0,6100,,'',0,1900,,'',0,2100,,'',0,5900,,'',0,2100,,'',0,1900,,'',0,6100,,'',0,1900,,'',0,2100,,'',0,5900,,'',0,2100,,'',0,1400,,'',0,5700,,'',0,1800,,'',0,1800,,'',0,2000,,'',0,6100,,'',0,2300,,'',0,7200,,'',0,2800,,'',0,7200,,'',0,2800,,'',0,7200,,'',0,2800,,'',0,7400,,'',0,2900,,'',0,7100,,'',0,2900,,'',0,7100,,'',0,3200,,'',0
'3',503500,62500,4,'',0,3000,4,'',0,7000,4,'',0,3000,4,'',0,7000,4,'',0,3000,4,'',0,7000,4,'',0,3000,4,'',0,7000,4,'',0,3100,4,'',0,6900,4,'',0,3100,4,'',0,6900,4,'',0,3100,4,'',0,6900,4,'',0,3100,4,'',0,7000,4,'',0,3100,4,'',0,6900,4,'',0,3100,4,'',0,6900,4,'',0,3100,4,'',0,6900,4,'',0,3100,4,'',0,6700,4,'',0,3100,4,'',0,6900,4,'',0,3100,4,'',0,6900,4,'',0,3100,4,'',0,6900,4,'',0,3100,4,'',0,6700,4,'',0,3100,4,'',0,6900,4,'',0,3100,4,'',0,7000,4,'',0
'3',503501,55900,,'',0,7000,,'',0,3000,,'',0,7000,,'',0,3000,,'',0,7000,,'',0,3000,,'',0,7000,,'',0,3000,,'',0,7000,,'',0,3000,,'',0,7000,,'',0,3000,,'',0,7000,,'',0,3000,,'',0,7000,,'',0,3000,,'',0,6800,,'',0,3200,,'',0,6800,,'',0,3200,,'',0,6800,,'',0,3200,,'',0,7000,,'',0,7200,,'',0,2900,,'',0,7000,,'',0,3000,,'',0,7000,,'',0,3000,,'',0,7000,,'',0,3000,,'',0,7100,,'',0,3000,,'',0,7000,,'',0,3000,,'',0
'4',503500,62500,4,'',0,3000,4,'',0,7000,4,'',0,3000,4,'',0,7000,4,'',0,3000,4,'',0,7000,4,'',0,3000,4,'',0,7000,4,'',0,3000,4,'',0,7000,4,'',0,3000,4,'',0,7000,4,'',0,3000,4,'',0,7000,4,'',0,3000,4,'',0,7000,4,'',0,3000,4,'',0,7000,4,'',0,3000,4,'',0,7000,4,'',0,3000,4,'',0,7000,4,'',0,3000,4,'',0,7000,4,'',0,3000,4,'',0,7000,4,'',0,3000,4,'',0,7000,4,'',0,3000,4,'',0,7000,4,'',0
'4',503501,60000,,'',0,3000,,'',0,7000,,'',0,3000,,'',0,7000,,'',0,3000,,'',0,7000,,'',0,3000,,'',0,7000,,'',0,3000,,'',0,7000,,'',0,3000,,'',0,7000,,'',0,3000,,'',0,7000,,'',0,3000,,'',0,7000,,'',0,3000,,'',0,7000,,'',0,3000,,'',0,7000,,'',0,3000,,'',0,7000,,'',0,3000,,'',0,7000,,'',0,3000,,'',0,7000,,'',0,3000,,'',0,7000,,'',0,3000,,'',0,7000,,'',0
'6',503500,62500,4,'',0,3000,4,'',0,7000,4,'',0,3000,4,'',0,7000,4,'',0,3000,4,'',0,7000,4,'',0,3000,4,'',0,7000,4,'',0,3100,4,'',0,6900,4,'',0,3100,4,'',0,6900,4,'',0,3100,4,'',0,6900,4,'',0,3100,4,'',0,7000,4,'',0,3100,4,'',0,6900,4,'',0,3100,4,'',0,6900,4,'',0,3100,4,'',0,6900,4,'',0,3100,4,'',0,6700,4,'',0,3100,4,'',0,6900,4,'',0,3100,4,'',0,6900,4,'',0,3100,4,'',0,6900,4,'',0,3100,4,'',0,6700,4,'',0,3100,4,'',0,6900,4,'',0,3100,4,'',0,7000,4,'',0
'6',503501,55900,,'',0,7000,,'',0,3000,,'',0,7000,,'',0,3000,,'',0,7000,,'',0,3000,,'',0,7000,,'',0,3000,,'',0,7000,,'',0,3000,,'',0,7000,,'',0,3000,,'',0,7000,,'',0,3000,,'',0,7000,,'',0,3000,,'',0,6800,,'',0,3200,,'',0,6800,,'',0,3200,,'',0,6800,,'',0,3200,,'',0,7000,,'',0,7200,,'',0,2900,,'',0,7000,,'',0,3000,,'',0,7000,,'',0,3000,,'',0,7000,,'',0,3000,,'',0,7100,,'',0,3000,,'',0,7000,,'',0,3000,,'',0
'7',503500,62500,4,'',0,3000,4,'',0,7000,4,'',0,3000,4,'',0,7000,4,'',0,3000,4,'',0,7000,4,'',0,3000,4,'',0,7000,4,'',0,3100,4,'',0,6900,4,'',0,3100,4,'',0,6900,4,'',0,3100,4,'',0,6900,4,'',0,3100,4,'',0,7000,4,'',0,3100,4,'',0,6900,4,'',0,3100,4,'',0,6900,4,'',0,3100,4,'',0,6900,4,'',0,3100,4,'',0,6700,4,'',0,3100,4,'',0,6900,4,'',0,3100,4,'',0,6900,4,'',0,3100,4,'',0,6900,4,'',0,3100,4,'',0,6700,4,'',0
'7',503501,55900,,'',0,7000,,'',0,3000,,'',0,7000,,'',0,3000,,'',0,7000,,'',0,3000,,'',0,7000,,'',0,3000,,'',0,7000,,'',0,3000,,'',0,7000,,'',0,3000,,'',0,7000,,'',0,3000,,'',0,7000,,'',0,3000,,'',0,6800,,'',0,3200,,'',0,6800,,'',0,3200,,'',0,6800,,'',0,3200,,'',0,7000,,'',0,7200,,'',0,2900,,'',0,7000,,'',0,3000,,'',0,7000,,'',0,3000,,'',0,7000,,'',0,3000,,'',0
