'1merged1785464',500,52900,4,'',0,3000,4,'',0,6300,4,'',0,3200,4,'',0,7200,4,'',0,3000,4,'',0,7000,4,'',0,3000,4,'',0,7400,4,'',0,7000,4,'',0,2800,4,'',0,3000,4,'',0,7000,4,'',0,3000,4,'',0,7000,4,'',0,3000,4,'',0,7000,4,'',0,3000,4,'',0,7000,4,'',0,7800,4,'',0,3000,4,'',0,7000,4,'',0,3000,4,'',0,7000,4,'',0,3000,4,'',0,7000,4,'',0,3000,4,'',0,6800,4,'',0,1700,4,'',0,3000,4,'',0,7000,4,'',0,3000,4,'',0,7000,4,'',0,3000,4,'',0,7000,4,'',0,2100,4,'',0,8500,4,'',0,8500,4,'',0,4500,4,'',0,9000,4,'',0
'1merged1785464',501,45200,,'',0,7000,,'',0,3000,,'',0,7000,,'',0,3000,,'',0,7000,,'',0,3000,,'',0,7100,,'',0,3000,,'',0,6700,,'',0,3000,,'',0,7000,,'',0,3000,,'',0,7000,,'',0,3000,,'',0,7000,,'',0,3000,,'',0,7000,,'',0,2700,,'',0,7000,,'',0,3000,,'',0,7000,,'',0,3000,,'',0,7000,,'',0,3000,,'',0,7000,,'',0,3900,,'',0,7000,,'',0,3000,,'',0,7000,,'',0,3000,,'',0,7000,,'',0,3000,,'',0,7300,,'',0,3000,,'',0,6400,0,'Downtown',0,2100,,'',0,8500,,'',0,8500,,'',0,1100,0,'Downtown',0,3200,0,'Downtown',0,9000,0,'Downtown',0
'2merged1785466',500,52800,4,'',0,3000,4,'',0,9300,4,'',0,7600,4,'',0,7600,4,'',0,4400,4,'',0,7600,4,'',0,3600,4,'',0,7600,4,'',0,7600,4,'',0,3600,4,'',0,7600,4,'',0,3600,4,'',0,7600,4,'',0,7600,4,'',0,3600,4,'',0,7600,4,'',0,3600,4,'',0,7600,4,'',0,7600,4,'',0,3600,4,'',0,7600,4,'',0,3600,4,'',0,7600,4,'',0,7100,4,'',0,3600,4,'',0,7600,4,'',0,8200,4,'',0,2900,4,'',0,8500,4,'',0,3000,4,'',0,8500,4,'',0,8500,4,'',0
'2merged1785466',501,43100,,'',0,2400,,'',0,7600,,'',0,7600,,'',0,3600,,'',0,7200,,'',0,3600,,'',0,7600,,'',0,7600,,'',0,3600,,'',0,7600,,'',0,3600,,'',0,7100,,'',0,3600,,'',0,7600,,'',0,7600,,'',0,3600,,'',0,7600,,'',0,3600,,'',0,7600,,'',0,7600,,'',0,3600,,'',0,7900,,'',0,7600,,'',0,3600,,'',0,7900,,'',0,3600,,'',0,7600,,'',0,8500,,'',0,4600,,'',0,8500,,'',0,8500,,'',0,8500,,'',0,1600,0,'Downtown',0,8700,0,'Downtown',0
'301merged1785468',500,154200,4,'',0
'301merged1785468',501,155700,0,'Downtown',0
'3merged1785465',500,52600,4,'',0,8000,4,'',0,5100,4,'',0,8500,4,'',0,8500,4,'',0,8500,4,'',0,3900,4,'',0,8500,4,'',0,7600,4,'',0,3600,4,'',0,7600,4,'',0,7600,4,'',0,3600,4,'',0,7600,4,'',0,3600,4,'',0,7600,4,'',0,7600,4,'',0,3600,4,'',0,7600,4,'',0,3600,4,'',0,7600,4,'',0,2900,4,'',0,8000,4,'',0,8500,4,'',0,8500,4,'',0,4500,4,'',0,7900,4,'',0,8500,4,'',0,4500,4,'',0
'3merged1785465',501,52700,,'',0,8500,,'',0,4500,,'',0,8500,,'',0,8500,,'',0,7600,,'',0,3400,,'',0,7600,,'',0,3600,,'',0,7600,,'',0,7600,,'',0,3600,,'',0,7600,,'',0,3600,,'',0,7600,,'',0,7600,,'',0,3600,,'',0,7600,,'',0,3600,,'',0,7600,,'',0,7600,,'',0,3900,,'',0,8500,,'',0,8500,,'',0,4500,,'',0,8700,,'',0,8500,,'',0,9000,,'',0,8500,0,'Downtown',0
'4502merged1785472',500,121000,4,'',0,3000,4,'',0,7500,4,'',0,3500,4,'',0,7900,4,'',0,7600,4,'',0,3600,4,'',0,7600,4,'',0,3600,4,'',0,7600,4,'',0,7600,4,'',0,3600,4,'',0,7600,4,'',0,3400,4,'',0,7300,4,'',0
'4502merged1785472',501,121800,0,'Downtown',0,3000,0,'Downtown',0,8000,0,'Downtown',0,7600,0,'Downtown',0,3600,0,'Downtown',0,7800,0,'Downtown',0,3500,0,'Downtown',0,7500,0,'Downtown',0,7800,0,'Downtown',0,3700,0,'Downtown',0,7600,0,'Downtown',0,3800,0,'Downtown',0,7700,0,'Downtown',0,7600,0,'Downtown',0,4000,0,'Downtown',0
'4503merged1785471',500,120700,4,'',0,3600,4,'',0,7600,4,'',0,3600,4,'',0,7600,4,'',0,7600,4,'',0,3600,4,'',0,7600,4,'',0
'4503merged1785471',501,121900,0,'Downtown',0,3600,0,'Downtown',0,7600,0,'Downtown',0,7600,0,'Downtown',0,3600,0,'Downtown',0,7600,0,'Downtown',0,3600,0,'Downtown',0,7600,0,'Downtown',0
'4505',500,121000,4,'',0,3000,4,'',0,7500,4,'',0,3500,4,'',0,7900,4,'',0,7600,4,'',0,3600,4,'',0,7600,4,'',0,3600,4,'',0,7600,4,'',0,7600,4,'',0,3600,4,'',0,7600,4,'',0,3400,4,'',0,7300,4,'',0
'4505',501,121800,0,'Downtown',0,3000,0,'Downtown',0,8000,0,'Downtown',0,7600,0,'Downtown',0,3600,0,'Downtown',0,7800,0,'Downtown',0,3500,0,'Downtown',0,7500,0,'Downtown',0,7800,0,'Downtown',0,3700,0,'Downtown',0,7600,0,'Downtown',0,3800,0,'Downtown',0,7700,0,'Downtown',0,7600,0,'Downtown',0,4000,0,'Downtown',0
'4506',500,120700,4,'',0,3600,4,'',0,7600,4,'',0,3600,4,'',0,7600,4,'',0,7600,4,'',0,3600,4,'',0,7600,4,'',0
'4506',501,121900,0,'Downtown',0,3600,0,'Downtown',0,7600,0,'Downtown',0,7600,0,'Downtown',0,3600,0,'Downtown',0,7600,0,'Downtown',0,3600,0,'Downtown',0,7600,0,'Downtown',0
'4merged1785467',500,51100,4,'',0,10000,4,'',0,11000,4,'',0,10000,4,'',0,13500,4,'',0,10000,4,'',0,10000,4,'',0,10000,4,'',0,10000,4,'',0,9500,4,'',0,10000,4,'',0,7500,4,'',0,7500,4,'',0,10000,4,'',0,5500,4,'',0,10000,4,'',0,10000,4,'',0
'4merged1785467',501,51800,0,'5E Quigley @ Greenhill',0,10000,0,'5E Quigley @ Greenhill',0,11000,0,'5E Quigley @ Greenhill',0,10000,0,'5E Quigley @ Greenhill',0,3000,,'',0,9800,,'',0,10000,,'',0,10000,,'',0,10000,,'',0,10000,,'',0,10200,0,'5E Quigley @ Greenhill',0,10000,0,'5E Quigley @ Greenhill',0,7500,0,'5E Quigley @ Greenhill',0,9500,0,'5E Quigley @ Greenhill',0,10000,0,'5E Quigley @ Greenhill',0,10000,0,'5E Quigley @ Greenhill',0,10000,0,'5E Quigley @ Greenhill',0,10000,0,'Downtown',0
'5',500,52800,4,'',0,3000,4,'',0,9300,4,'',0,7600,4,'',0,7600,4,'',0,4400,4,'',0,7600,4,'',0,3600,4,'',0,7600,4,'',0,7600,4,'',0,3600,4,'',0,7600,4,'',0,3600,4,'',0,7600,4,'',0,7600,4,'',0,3600,4,'',0,7600,4,'',0,3600,4,'',0,7600,4,'',0,7600,4,'',0,3600,4,'',0,7600,4,'',0,3600,4,'',0,7600,4,'',0,7100,4,'',0,3600,4,'',0,7600,4,'',0,8200,4,'',0,2900,4,'',0,8500,4,'',0,3000,4,'',0,8500,4,'',0,8500,4,'',0,4500,4,'',0,8500,4,'',0
'5',501,43100,,'',0,2400,,'',0,7600,,'',0,7600,,'',0,3600,,'',0,7200,,'',0,3600,,'',0,7600,,'',0,7600,,'',0,3600,,'',0,7600,,'',0,3600,,'',0,7100,,'',0,3600,,'',0,7600,,'',0,7600,,'',0,3600,,'',0,7600,,'',0,3600,,'',0,7600,,'',0,7600,,'',0,3600,,'',0,7900,,'',0,7600,,'',0,3600,,'',0,7900,,'',0,3600,,'',0,7600,,'',0,8500,,'',0,4600,,'',0,8500,,'',0,8500,,'',0,8500,,'',0,11500,,'',0,7100,0,'Downtown',0
'6',500,52600,4,'',0,8000,4,'',0,5100,4,'',0,8500,4,'',0,8500,4,'',0,8500,4,'',0,3900,4,'',0,8500,4,'',0,7600,4,'',0,3600,4,'',0,7600,4,'',0,7600,4,'',0,3600,4,'',0,7600,4,'',0,3600,4,'',0,7600,4,'',0,7600,4,'',0,3600,4,'',0,7600,4,'',0,3600,4,'',0,7600,4,'',0,2900,4,'',0,8000,4,'',0,8500,4,'',0,8500,4,'',0,4500,4,'',0,7900,4,'',0,8500,4,'',0,4500,4,'',0
'6',501,52700,,'',0,8500,,'',0,4500,,'',0,8500,,'',0,8500,,'',0,7600,,'',0,3400,,'',0,7600,,'',0,3600,,'',0,7600,,'',0,7600,,'',0,3600,,'',0,7600,,'',0,3600,,'',0,7600,,'',0,7600,,'',0,3600,,'',0,7600,,'',0,3600,,'',0,7600,,'',0,7600,,'',0,3900,,'',0,8500,,'',0,8500,,'',0,4500,,'',0,8700,,'',0,8500,,'',0,9000,,'',0,8500,0,'Downtown',0
'7',500,52600,4,'',0,8000,4,'',0,5100,4,'',0,8500,4,'',0,8500,4,'',0,8500,4,'',0,3900,4,'',0,8500,4,'',0,7600,4,'',0,3600,4,'',0,7600,4,'',0,7600,4,'',0,3600,4,'',0,7600,4,'',0,3600,4,'',0,7600,4,'',0,7600,4,'',0,3600,4,'',0,7600,4,'',0,3600,4,'',0,7600,4,'',0,2900,4,'',0,8000,4,'',0,8500,4,'',0,8500,4,'',0,4500,4,'',0,7900,4,'',0
'7',501,52700,,'',0,8500,,'',0,4500,,'',0,8500,,'',0,8500,,'',0,7600,,'',0,3400,,'',0,7600,,'',0,3600,,'',0,7600,,'',0,7600,,'',0,3600,,'',0,7600,,'',0,3600,,'',0,7600,,'',0,7600,,'',0,3600,,'',0,7600,,'',0,3600,,'',0,7600,,'',0,7600,,'',0,3900,,'',0,8500,,'',0,8500,,'',0,4500,,'',0
