'1merged1750070',500,51400,,'',0,3200,,'',0,6800,,'',0,3000,,'',0,7000,,'',0,3000,,'',0,7000,,'',0,3000,,'',0,6800,,'',0,3000,,'',0,7000,,'',0,3000,,'',0,7000,,'',0,3000,,'',0,7000,,'',0,3000,,'',0,7000,,'',0,3000,,'',0,7000,,'',0,3000,,'',0,7000,,'',0,3000,,'',0,7000,,'',0,3000,,'',0,7000,,'',0,2800,,'',0,7200,,'',0,3000,,'',0,7000,,'',0,3000,,'',0,7000,,'',0,3000,,'',0,7000,,'',0,2600,,'',0,8500,,'',0,8500,,'',0,4500,,'',0,9000,,'',0
'1merged1750070',501,60400,4,'',0,3000,4,'',0,7000,4,'',0,3000,4,'',0,7000,4,'',0,3000,4,'',0,7000,4,'',0,2900,4,'',0,7000,4,'',0,3300,4,'',0,7000,4,'',0,3000,4,'',0,7000,4,'',0,3000,4,'',0,7000,4,'',0,3000,4,'',0,7000,4,'',0,3000,4,'',0,7100,4,'',0,3000,4,'',0,7000,4,'',0,3000,4,'',0,7000,4,'',0,3000,4,'',0,7000,4,'',0,3000,4,'',0,6700,4,'',0,3000,4,'',0,7000,4,'',0,3000,4,'',0,7000,4,'',0,3000,4,'',0,7000,4,'',0,2700,4,'',0,7000,4,'',0,4500,4,'',0,8500,4,'',0,8500,4,'',0
'2merged1750072',500,55200,,'',0,7600,,'',0,7600,,'',0,3000,,'',0,7600,,'',0,3600,,'',0,7600,,'',0,3600,,'',0,7600,,'',0,7500,,'',0,3600,,'',0,7600,,'',0,3600,,'',0,7600,,'',0,7600,,'',0,3600,,'',0,7600,,'',0,3600,,'',0,7600,,'',0,8100,,'',0,3600,,'',0,7600,,'',0,7500,,'',0,3600,,'',0,7600,,'',0,4200,,'',0,7100,,'',0,8500,,'',0,3000,,'',0,8500,,'',0,8500,,'',0
'2merged1750072',501,52900,4,'',0,2400,4,'',0,7600,4,'',0,7600,4,'',0,3600,4,'',0,8400,4,'',0,7600,4,'',0,3600,4,'',0,7600,4,'',0,3600,4,'',0,7600,4,'',0,7600,4,'',0,3600,4,'',0,7600,4,'',0,3600,4,'',0,7600,4,'',0,7600,4,'',0,3600,4,'',0,7600,4,'',0,3600,4,'',0,7600,4,'',0,7600,4,'',0,3300,4,'',0,7600,4,'',0,3600,4,'',0,7200,4,'',0,3600,4,'',0,7600,4,'',0,8500,4,'',0,4300,4,'',0,8500,4,'',0,8500,4,'',0,8500,4,'',0
'3merged1750071',500,60000,,'',0,4500,,'',0,8500,,'',0,8500,,'',0,3900,,'',0,6900,,'',0,3600,,'',0,7600,,'',0,7600,,'',0,3600,,'',0,7600,,'',0,3600,,'',0,7600,,'',0,7600,,'',0,3600,,'',0,7600,,'',0,3600,,'',0,7600,,'',0,7600,,'',0,3400,,'',0,8000,,'',0,8500,,'',0,4500,,'',0,8500,,'',0,9000,,'',0,8500,,'',0,8500,,'',0
'3merged1750071',501,63000,4,'',0,8500,4,'',0,8500,4,'',0,4500,4,'',0,8500,4,'',0,7600,4,'',0,3900,4,'',0,7600,4,'',0,3600,4,'',0,7600,4,'',0,7600,4,'',0,3600,4,'',0,7600,4,'',0,3600,4,'',0,7600,4,'',0,7600,4,'',0,3600,4,'',0,7600,4,'',0,3600,4,'',0,7600,4,'',0,7600,4,'',0,3900,4,'',0,8500,4,'',0,8500,4,'',0,8500,4,'',0,4200,4,'',0,8500,4,'',0,9000,4,'',0
'4merged1750074',500,92600,0,'52 Pirie @ Governors',0,10000,0,'52 Pirie @ Governors',0,10000,0,'52 Pirie @ Governors',0,10000,0,'52 Pirie @ Governors',0,10000,0,'52 Pirie @ Governors',0,9500,0,'52 Pirie @ Governors',0,10500,0,'Downtown',0
'4merged1750074',501,90000,4,'',0,10000,4,'',0,10000,4,'',0,10000,4,'',0,10000,4,'',0,10000,4,'',0,10000,4,'',0,13000,4,'',0
'5merged1750073',500,55200,,'',0,7600,,'',0,7600,,'',0,3000,,'',0,7600,,'',0,3600,,'',0,7600,,'',0,3600,,'',0,7600,,'',0,7500,,'',0,3600,,'',0,7600,,'',0,3600,,'',0,7600,,'',0,7600,,'',0,3600,,'',0,7600,,'',0,3600,,'',0,7600,,'',0,8100,,'',0,3600,,'',0,7600,,'',0,7500,,'',0,3600,,'',0,7600,,'',0,4200,,'',0,7100,,'',0,8500,,'',0,3000,,'',0,8500,,'',0,8500,,'',0,4500,,'',0,8500,,'',0
'5merged1750073',501,52900,4,'',0,2400,4,'',0,7600,4,'',0,7600,4,'',0,3600,4,'',0,8400,4,'',0,7600,4,'',0,3600,4,'',0,7600,4,'',0,3600,4,'',0,7600,4,'',0,7600,4,'',0,3600,4,'',0,7600,4,'',0,3600,4,'',0,7600,4,'',0,7600,4,'',0,3600,4,'',0,7600,4,'',0,3600,4,'',0,7600,4,'',0,7600,4,'',0,3300,4,'',0,7600,4,'',0,3600,4,'',0,7200,4,'',0,3600,4,'',0,7600,4,'',0,8500,4,'',0,4300,4,'',0,8500,4,'',0,8500,4,'',0,8500,4,'',0,11500,4,'',0
'6merged1750076',500,60000,,'',0,4500,,'',0,8500,,'',0,8500,,'',0,3900,,'',0,6900,,'',0,3600,,'',0,7600,,'',0,7600,,'',0,3600,,'',0,7600,,'',0,3600,,'',0,7600,,'',0,7600,,'',0,3600,,'',0,7600,,'',0,3600,,'',0,7600,,'',0,7600,,'',0,3400,,'',0,8000,,'',0,8500,,'',0,4500,,'',0,8500,,'',0,9000,,'',0,8500,,'',0,8500,,'',0
'6merged1750076',501,63000,4,'',0,8500,4,'',0,8500,4,'',0,4500,4,'',0,8500,4,'',0,7600,4,'',0,3900,4,'',0,7600,4,'',0,3600,4,'',0,7600,4,'',0,7600,4,'',0,3600,4,'',0,7600,4,'',0,3600,4,'',0,7600,4,'',0,7600,4,'',0,3600,4,'',0,7600,4,'',0,3600,4,'',0,7600,4,'',0,7600,4,'',0,3900,4,'',0,8500,4,'',0,8500,4,'',0,8500,4,'',0,4200,4,'',0,8500,4,'',0,9000,4,'',0
'7merged1750075',500,60000,,'',0,4500,,'',0,8500,,'',0,8500,,'',0,3900,,'',0,6900,,'',0,3600,,'',0,7600,,'',0,7600,,'',0,3600,,'',0,7600,,'',0,3600,,'',0,7600,,'',0,7600,,'',0,3600,,'',0,7600,,'',0,3600,,'',0,7600,,'',0,7600,,'',0,3400,,'',0,8000,,'',0,8500,,'',0,4500,,'',0,8500,,'',0,9000,,'',0
'7merged1750075',501,63000,4,'',0,8500,4,'',0,8500,4,'',0,4500,4,'',0,8500,4,'',0,7600,4,'',0,3900,4,'',0,7600,4,'',0,3600,4,'',0,7600,4,'',0,7600,4,'',0,3600,4,'',0,7600,4,'',0,3600,4,'',0,7600,4,'',0,7600,4,'',0,3600,4,'',0,7600,4,'',0,3600,4,'',0,7600,4,'',0,7600,4,'',0,3900,4,'',0,8500,4,'',0,8500,4,'',0,8500,4,'',0
