506200,355260,1,0
506200,355971,2,0
506200,2130,3,0
506200,2139,4,0
506200,2123,5,0
506200,2144,6,0
506200,2162,7,0
506200,2145,8,0
506200,2190,9,0
506200,2185,10,0
506200,2661,11,0
506200,2658,12,0
506200,2654,13,0
506200,2659,14,0
506200,1973,15,0
506200,1971,16,0
506200,2041,17,0
506200,2045,18,0
506200,2146,19,0
506200,2148,20,0
506200,2136,21,0
506200,356276,22,0
506200,2156,23,0
506200,2159,24,0
506200,2127,25,0
506200,2121,26,0
506200,2149,27,0
506200,2088,28,0
506200,355415,29,0
506200,1790,30,0
506200,356010,31,0
506200,356262,32,0
506200,2112,33,0
506200,2109,34,0
506200,2080,35,0
506200,2098,36,0
506200,2113,37,0
506200,356265,38,0
506200,356266,39,0
506200,356067,40,0
506200,2072,41,0
506200,2071,42,0
506200,2075,43,0
506200,2078,44,0
506200,2085,45,0
506200,2097,46,0
506200,356118,47,0
506200,2101,48,0
506200,2103,49,0
506200,2087,50,0
506200,2090,51,0
506200,2095,52,0
506200,2076,53,0
506200,2108,54,0
506200,2081,55,0
506200,2496,56,0
506200,2497,57,0
506200,2510,58,0
506200,2517,59,0
506200,2498,60,0
506200,2520,61,0
506200,2485,62,0
506200,2525,63,0
506200,355947,64,0
506200,2515,65,0
506200,2495,66,0
506200,2489,67,0
506200,1403,68,1
506201,1403,1,0
506201,2511,2,0
506201,2488,3,0
506201,2514,4,0
506201,355946,5,0
506201,2524,6,0
506201,2518,7,0
506201,2519,8,0
506201,2493,9,0
506201,2516,10,0
506201,2509,11,0
506201,2523,12,0
506201,2522,13,0
506201,2107,14,0
506201,2111,15,0
506201,2077,16,0
506201,2084,17,0
506201,2094,18,0
506201,2114,19,0
506201,2086,20,0
506201,2102,21,0
506201,2100,22,0
506201,2073,23,0
506201,2096,24,0
506201,1896,25,0
506201,1902,26,0
506201,1907,27,0
506201,356065,28,0
506201,1905,29,0
506201,1943,30,0
506201,1911,31,0
506201,1945,32,0
506201,1942,33,0
506201,1951,34,0
506201,1944,35,0
506201,1904,36,0
506201,1946,37,0
506201,1950,38,0
506201,1906,39,0
506201,1947,40,0
506201,1898,41,0
506201,1914,42,0
506201,1964,43,0
506201,1955,44,0
506201,1960,45,0
506201,356108,46,0
506201,1976,47,0
506201,1979,48,0
506201,1962,49,0
506201,1969,50,0
506201,1967,51,0
506201,1959,52,0
506201,1972,53,0
506201,1978,54,0
506201,2660,55,0
506201,2655,56,0
506201,356184,57,0
506201,2663,58,0
506201,2186,59,0
506201,2189,60,0
506201,2138,61,0
506201,2154,62,0
506201,2143,63,0
506201,355954,64,0
506201,2164,65,0
506201,2163,66,0
506201,355969,67,0
506201,355260,68,1
506201,355415,69,1
506300,355415,1,0
506300,1790,2,0
506300,355762,3,0
506300,355427,4,0
506300,355428,5,0
506300,355429,6,0
506300,356011,7,0
506300,1093,8,0
506300,1069,9,0
506300,1125,10,0
506300,355505,11,0
506300,1066,12,0
506300,1111,13,0
506300,1127,14,0
506300,1108,15,0
506300,1051,16,0
506300,1060,17,0
506300,1109,18,0
506300,1045,19,0
506300,355811,20,0
506300,1087,21,0
506300,1073,22,0
506300,1056,23,0
506300,1050,24,0
506300,1105,25,0
506300,356102,26,0
506300,1044,27,0
506300,1071,28,0
506300,1103,29,0
506300,1081,30,0
506300,1077,31,0
506300,356117,32,0
506300,1067,33,0
506300,1113,34,0
506300,1116,35,0
506300,2208,36,0
506300,356094,37,0
506300,2203,38,0
506300,2207,39,0
506300,2205,40,0
506300,3197,41,0
506300,356217,42,0
506300,1115,43,0
506300,1095,44,0
506300,1083,45,0
506300,1058,46,0
506300,1102,47,0
506300,1041,48,0
506300,1085,49,0
506300,1053,50,0
506300,1117,51,0
506300,1042,52,0
506300,356055,53,1
506301,356055,1,0
506301,355288,2,0
506301,1055,3,0
506301,1054,4,0
506301,1086,5,0
506301,1040,6,0
506301,1063,7,0
506301,1059,8,0
506301,356218,9,0
506301,1084,10,0
506301,1096,11,0
506301,1097,12,0
506301,1122,13,0
506301,3196,14,0
506301,2209,15,0
506301,2206,16,0
506301,2204,17,0
506301,2210,18,0
506301,1101,19,0
506301,1043,20,0
506301,1120,21,0
506301,1114,22,0
506301,355413,23,0
506301,1062,24,0
506301,1078,25,0
506301,1082,26,0
506301,1104,27,0
506301,1072,28,0
506301,1070,29,0
506301,1099,30,0
506301,1106,31,0
506301,1089,32,0
506301,1057,33,0
506301,1074,34,0
506301,1088,35,0
506301,1091,36,0
506301,1046,37,0
506301,1110,38,0
506301,1064,39,0
506301,1052,40,0
506301,1094,41,0
506301,1107,42,0
506301,1126,43,0
506301,1112,44,0
506301,1065,45,0
506301,1118,46,0
506301,1124,47,0
506301,1068,48,0
506301,1092,49,0
506301,1079,50,0
506301,1737,51,0
506301,1736,52,0
506301,1744,53,0
506301,356219,54,0
506301,1771,55,0
506301,355415,56,1
506400,355432,1,0
506400,1790,2,0
506400,355762,3,0
506400,355427,4,0
506400,3128,5,0
506400,3129,6,0
506400,3139,7,0
506400,3138,8,0
506400,3130,9,0
506400,3136,10,0
506400,3140,11,0
506400,3133,12,0
506400,3137,13,0
506400,3131,14,0
506400,3135,15,0
506400,2641,16,0
506400,1247,17,0
506400,1267,18,0
506400,356100,19,0
506400,1261,20,0
506400,1254,21,0
506400,1249,22,0
506400,355831,23,0
506400,1269,24,0
506400,1256,25,0
506400,1259,26,0
506400,1271,27,0
506400,1265,28,0
506400,1252,29,0
506400,1193,30,0
506400,1190,31,0
506400,1192,32,0
506400,355690,33,0
506400,2572,34,0
506400,2567,35,0
506400,2563,36,0
506400,2569,37,0
506400,2561,38,0
506400,2565,39,0
506400,1182,40,0
506400,2543,41,1
506401,2543,1,0
506401,2544,2,0
506401,2562,3,0
506401,2570,4,0
506401,2566,5,0
506401,2573,6,0
506401,2571,7,0
506401,2728,8,0
506401,1191,9,0
506401,356053,10,0
506401,1253,11,0
506401,1266,12,0
506401,1272,13,0
506401,1260,14,0
506401,1257,15,0
506401,355830,16,0
506401,1273,17,0
506401,1250,18,0
506401,1255,19,0
506401,1262,20,0
506401,356099,21,0
506401,1268,22,0
506401,1248,23,0
506401,1275,24,0
506401,1263,25,0
506401,1251,26,0
506401,1274,27,0
506401,1278,28,0
506401,1276,29,0
506401,1258,30,0
506401,1277,31,0
506401,355437,32,0
506401,355438,33,0
506401,355439,34,0
506401,355440,35,0
506401,1736,36,0
506401,1744,37,0
506401,356219,38,0
506401,1771,39,0
506401,355432,40,1
506500,1768,1,0
506500,1758,2,0
506500,1711,3,0
506500,1712,4,0
506500,1707,5,0
506500,1147,6,0
506500,355565,7,0
506500,3218,8,0
506500,2060,9,0
506500,2056,10,0
506500,2058,11,0
506500,2057,12,0
506500,2059,13,0
506500,1740,14,0
506500,1746,15,0
506500,1742,16,0
506500,1748,17,0
506500,1735,18,0
506500,1214,19,0
506500,356275,20,0
506500,1207,21,0
506500,1232,22,0
506500,3083,23,0
506500,1478,24,0
506500,3078,25,0
506500,1231,26,0
506500,1239,27,0
506500,1235,28,0
506500,1211,29,0
506500,1218,30,0
506500,1202,31,0
506500,1225,32,0
506500,1215,33,0
506500,1237,34,0
506500,1204,35,0
506500,1498,36,0
506500,1494,37,0
506500,1496,38,0
506500,1175,39,0
506500,1180,40,0
506500,1376,41,0
506500,1373,42,0
506500,1223,43,0
506500,1220,44,0
506500,1196,45,0
506500,1197,46,0
506500,1226,47,0
506500,1209,48,0
506500,355945,49,0
506500,1228,50,0
506500,355291,51,0
506500,1200,52,0
506500,1221,53,0
506500,1562,54,0
506500,1556,55,0
506500,1560,56,0
506500,1558,57,0
506500,1564,58,0
506500,356162,59,0
506500,3198,60,0
506500,355284,61,0
506500,3192,62,0
506500,356217,63,0
506500,1115,64,0
506500,1095,65,0
506500,2321,66,0
506500,2320,67,0
506500,2322,68,0
506500,2331,69,0
506500,2327,70,0
506500,2317,71,0
506500,2332,72,0
506500,2329,73,0
506500,1893,74,0
506500,2534,75,0
506500,2536,76,0
506500,2529,77,0
506500,2527,78,0
506500,2537,79,0
506500,2540,80,0
506500,2531,81,0
506500,1632,82,0
506500,1628,83,0
506500,1631,84,0
506500,2307,85,0
506500,2301,86,0
506500,2299,87,0
506500,2309,88,1
506501,2309,1,0
506501,2300,2,0
506501,2302,3,0
506501,2308,4,0
506501,1630,5,0
506501,1627,6,0
506501,1638,7,0
506501,1625,8,0
506501,2530,9,0
506501,2539,10,0
506501,2538,11,0
506501,2526,12,0
506501,2528,13,0
506501,2535,14,0
506501,2533,15,0
506501,2330,16,0
506501,355258,17,0
506501,2318,18,0
506501,2326,19,0
506501,2328,20,0
506501,2325,21,0
506501,2323,22,0
506501,2319,23,0
506501,2324,24,0
506501,2315,25,0
506501,1096,26,0
506501,1097,27,0
506501,1122,28,0
506501,3200,29,0
506501,355280,30,0
506501,3199,31,0
506501,3194,32,0
506501,1559,33,0
506501,1561,34,0
506501,1557,35,0
506501,1563,36,0
506501,1222,37,0
506501,1201,38,0
506501,1199,39,0
506501,1229,40,0
506501,1212,41,0
506501,1208,42,0
506501,1227,43,0
506501,356057,44,0
506501,1719,45,0
506501,1721,46,0
506501,1377,47,0
506501,1374,48,0
506501,1375,49,0
506501,1372,50,0
506501,1176,51,0
506501,1497,52,0
506501,1495,53,0
506501,1500,54,0
506501,1720,55,0
506501,1236,56,0
506501,1224,57,0
506501,1203,58,0
506501,1219,59,0
506501,1210,60,0
506501,1234,61,0
506501,1238,62,0
506501,1230,63,0
506501,3080,64,0
506501,3083,65,0
506501,1478,66,0
506501,3078,67,0
506501,1233,68,0
506501,356085,69,0
506501,1216,70,0
506501,1213,71,0
506501,1749,72,0
506501,1743,73,0
506501,1747,74,0
506501,1741,75,0
506501,1737,76,0
506501,1736,77,0
506501,1744,78,0
506501,1768,79,1
506600,1866,1,0
506600,1879,2,0
506600,1880,3,0
506600,1867,4,0
506600,1872,5,0
506600,1888,6,0
506600,1877,7,0
506600,1874,8,0
506600,1884,9,0
506600,1890,10,0
506600,1885,11,0
506600,1881,12,0
506600,1891,13,0
506600,1869,14,0
506600,356271,15,0
506600,355942,16,0
506600,1931,17,0
506600,2653,18,0
506600,2652,19,0
506600,1927,20,0
506600,1893,21,0
506600,2309,22,0
506600,2300,23,0
506600,2302,24,0
506600,2308,25,0
506600,1630,26,0
506600,1627,27,0
506600,1638,28,0
506600,1625,29,0
506600,2530,30,0
506600,2539,31,0
506600,2538,32,0
506600,2526,33,0
506600,2528,34,0
506600,2535,35,0
506600,1937,36,0
506600,1908,37,0
506600,1934,38,0
506600,1926,39,0
506600,355297,40,0
506600,1932,41,0
506600,1912,42,0
506600,1948,43,0
506600,1626,44,0
506600,1321,45,0
506600,1325,46,0
506600,1322,47,0
506600,1324,48,0
506600,1323,49,0
506600,1900,50,0
506600,1939,51,0
506600,1941,52,0
506600,1897,53,0
506600,1919,54,0
506600,1952,55,0
506600,2445,56,0
506600,1803,57,0
506600,1806,58,0
506600,1801,59,0
506600,2007,60,0
506600,2008,61,0
506600,2003,62,0
506600,2001,63,0
506600,1504,64,0
506600,1502,65,0
506600,2172,66,0
506600,2168,67,0
506600,2174,68,0
506600,2176,69,0
506600,2170,70,0
506600,2175,71,0
506600,1365,72,0
506600,1363,73,0
506600,1368,74,0
506600,1370,75,0
506600,2669,76,0
506600,2667,77,0
506600,2665,78,0
506600,2670,79,0
506600,2672,80,0
506600,1705,81,0
506600,1706,82,0
506600,1704,83,0
506600,1790,84,0
506600,1916,85,0
506600,1917,86,0
506600,1964,87,0
506600,356209,88,0
506600,1955,89,0
506600,1960,90,0
506600,356108,91,0
506600,1976,92,0
506600,1979,93,0
506600,1962,94,0
506600,1969,95,0
506600,2371,96,0
506600,2147,97,0
506600,2155,98,0
506600,2153,99,0
506600,2141,100,0
506600,2133,101,0
506600,2126,102,0
506600,2138,103,0
506600,2154,104,0
506600,2143,105,0
506600,355954,106,0
506600,2164,107,0
506600,2163,108,0
506600,355969,109,0
506600,2352,110,0
506600,355970,111,0
506600,2646,112,0
506600,2644,113,0
506600,2343,114,0
506600,2339,115,0
506600,1603,116,0
506600,1381,117,0
506600,1385,118,0
506600,1383,119,0
506600,1359,120,0
506600,1360,121,0
506600,1843,122,0
506600,1839,123,0
506600,1852,124,0
506600,1844,125,0
506600,1845,126,0
506600,1854,127,0
506600,1855,128,0
506600,1851,129,0
506600,3087,130,0
506600,3086,131,0
506600,3088,132,0
506600,2212,133,0
506600,1644,134,0
506600,1645,135,1
506600,1608,136,0
506600,1593,137,0
506600,1596,138,0
506600,356039,139,0
506600,1595,140,0
506600,1606,141,0
506600,1598,142,0
506600,356037,143,1
506600,1967,144,0
506600,1959,145,0
506600,1972,146,0
506600,1978,147,0
506600,2660,148,0
506600,2655,149,0
506600,356184,150,0
506600,2663,151,0
506600,2186,152,0
506600,2189,153,0
506600,355742,154,0
506600,1416,155,0
506600,1412,156,0
506600,355743,157,0
506600,3120,158,0
506600,3127,159,0
506600,3118,160,0
506600,3122,161,0
506600,3125,162,0
506600,3123,163,0
506600,2166,164,0
506600,2115,165,0
506600,2118,166,0
506600,2120,167,0
506600,3145,168,0
506600,3180,169,0
506600,3165,170,0
506600,3170,171,0
506600,2560,172,0
506600,2557,173,0
506600,2276,174,0
506600,2193,175,0
506600,2191,176,0
506600,1576,177,0
506600,1568,178,0
506600,1574,179,0
506600,1570,180,0
506600,2338,181,0
506600,2180,182,0
506600,2184,183,1
506601,356037,1,0
506601,2432,2,0
506601,2430,3,0
506601,1361,4,0
506601,1605,5,0
506601,1594,6,0
506601,355972,7,0
506601,356040,8,0
506601,1597,9,0
506601,1592,10,0
506601,1607,11,0
506601,1645,12,0
506601,2213,13,0
506601,1643,14,0
506601,1185,15,0
506601,1856,16,0
506601,1850,17,0
506601,1847,18,0
506601,1846,19,0
506601,1848,20,0
506601,1849,21,0
506601,1840,22,0
506601,1842,23,0
506601,1841,24,0
506601,1358,25,0
506601,1382,26,0
506601,1384,27,0
506601,355943,28,0
506601,2340,29,0
506601,2342,30,0
506601,2643,31,0
506601,356269,32,0
506601,355971,33,0
506601,2130,34,0
506601,2139,35,0
506601,2123,36,0
506601,2144,37,0
506601,2162,38,0
506601,2145,39,0
506601,2137,40,0
506601,2125,41,0
506601,2132,42,0
506601,2140,43,0
506601,2134,44,0
506601,2124,45,0
506601,2184,46,0
506601,1569,47,0
506601,1567,48,0
506601,1575,49,0
506601,1573,50,0
506601,2194,51,0
506601,2192,52,0
506601,2558,53,0
506601,3173,54,0
506601,3169,55,0
506601,3166,56,0
506601,355765,57,0
506601,356208,58,0
506601,2119,59,0
506601,2117,60,0
506601,2116,61,0
506601,2165,62,0
506601,3113,63,0
506601,3124,64,0
506601,3121,65,0
506601,3117,66,0
506601,3126,67,0
506601,3114,68,0
506601,3119,69,0
506601,3115,70,0
506601,1413,71,0
506601,1417,72,0
506601,1415,73,0
506601,1411,74,0
506601,2190,75,0
506601,2185,76,0
506601,2661,77,0
506601,2658,78,0
506601,2654,79,0
506601,2659,80,0
506601,1973,81,0
506601,1971,82,0
506601,2041,83,0
506601,2045,84,0
506601,2146,85,0
506601,2148,86,0
506601,2136,87,0
506601,356276,88,0
506601,2156,89,0
506601,2159,90,0
506601,2127,91,0
506601,2121,92,0
506601,2151,93,0
506601,2088,94,0
506601,2093,95,0
506601,356262,96,0
506601,2112,97,0
506601,3089,98,0
506601,2671,99,0
506601,2666,100,0
506601,2668,101,0
506601,2673,102,0
506601,1366,103,0
506601,356013,104,0
506601,1364,105,0
506601,1369,106,0
506601,2169,107,0
506601,2177,108,0
506601,2173,109,0
506601,2167,110,0
506601,356154,111,0
506601,1501,112,0
506601,1503,113,0
506601,2002,114,0
506601,2006,115,0
506601,2005,116,0
506601,2556,117,0
506601,1800,118,0
506601,1805,119,0
506601,1802,120,0
506601,1804,121,0
506601,1953,122,0
506601,1921,123,0
506601,1920,124,0
506601,356098,125,0
506601,1940,126,0
506601,2554,127,0
506601,2552,128,0
506601,2555,129,0
506601,2551,130,0
506601,2550,131,0
506601,2553,132,0
506601,355567,133,0
506601,1626,134,1
506601,1954,135,0
506601,1901,136,0
506601,1949,137,0
506601,1923,138,0
506601,1933,139,0
506601,355298,140,0
506601,1925,141,0
506601,1935,142,0
506601,1909,143,0
506601,1938,144,0
506601,1928,145,0
506601,2653,146,0
506601,2652,147,0
506601,1910,148,0
506601,1629,149,0
506601,1636,150,0
506601,1637,151,0
506601,1635,152,0
506601,1634,153,0
506601,1624,154,0
506601,355973,155,0
506601,1632,156,0
506601,1628,157,0
506601,1631,158,0
506601,2307,159,0
506601,2301,160,0
506601,2299,161,0
506601,2309,162,1
506601,1899,163,0
506601,1876,164,0
506601,1870,165,0
506601,1892,166,0
506601,1882,167,0
506601,1886,168,0
506601,1887,169,0
506601,1883,170,0
506601,1871,171,0
506601,1878,172,0
506601,1889,173,0
506601,1873,174,0
506601,1868,175,0
506601,1621,176,0
506601,1620,177,0
506601,1685,178,0
506601,1866,179,1
506700,1739,1,0
506700,355443,2,0
506700,1771,3,0
506700,1751,4,0
506700,356210,5,0
506700,1380,6,0
506700,2400,7,0
506700,1300,8,0
506700,1301,9,0
506700,1303,10,0
506700,2452,11,0
506700,2454,12,0
506700,1006,13,0
506700,1008,14,0
506700,1003,15,0
506700,1004,16,0
506700,1011,17,0
506700,1014,18,0
506700,1009,19,0
506700,355939,20,0
506700,2044,21,0
506700,2046,22,0
506700,2042,23,0
506700,2035,24,0
506700,2037,25,0
506700,2036,26,0
506700,2038,27,1
506701,2038,1,0
506701,2049,2,0
506701,2047,3,0
506701,355941,4,0
506701,355262,5,0
506701,2041,6,0
506701,2045,7,0
506701,355940,8,0
506701,1010,9,0
506701,1013,10,0
506701,1001,11,0
506701,1005,12,0
506701,1002,13,0
506701,1015,14,0
506701,1007,15,0
506701,1012,16,0
506701,1651,17,0
506701,1654,18,0
506701,1649,19,0
506701,1648,20,0
506701,1650,21,0
506701,2062,22,0
506701,2065,23,0
506701,2063,24,0
506701,2061,25,0
506701,1184,26,0
506701,1036,27,0
506701,1037,28,0
506701,355925,29,0
506701,1790,30,0
506701,355762,31,0
506701,2541,32,0
506701,1739,33,1
506800,1739,1,0
506800,355443,2,0
506800,1758,3,0
506800,1711,4,0
506800,1712,5,0
506800,1707,6,0
506800,1709,7,0
506800,1714,8,0
506800,1713,9,0
506800,1710,10,0
506800,2034,11,0
506800,2032,12,0
506800,1299,13,0
506800,1302,14,0
506800,355720,15,0
506800,1390,16,0
506800,1392,17,0
506800,1394,18,0
506800,1395,19,1
506801,1395,1,0
506801,1393,2,0
506801,1396,3,0
506801,1389,4,0
506801,1397,5,0
506801,355760,6,0
506801,1304,7,0
506801,1306,8,0
506801,355734,9,0
506801,2033,10,0
506801,2156,11,0
506801,2159,12,0
506801,2127,13,0
506801,1147,14,0
506801,355565,15,0
506801,3218,16,0
506801,355727,17,0
506801,1739,18,1
506801,1768,19,1
506900,1768,1,0
506900,1758,2,0
506900,1711,3,0
506900,1712,4,0
506900,1707,5,0
506900,1147,6,0
506900,355565,7,0
506900,1149,8,0
506900,1264,9,0
506900,3221,10,0
506900,3222,11,0
506900,3204,12,0
506900,3215,13,0
506900,3225,14,0
506900,1387,15,0
506900,1388,16,0
506900,2726,17,1
506901,2726,1,0
506901,2724,2,0
506901,2725,3,0
506901,3217,4,0
506901,3219,5,0
506901,356160,6,0
506901,3214,7,0
506901,3203,8,0
506901,3218,9,0
506901,355727,10,0
506901,1739,11,1
507100,355570,1,0
507100,2130,2,0
507100,2137,3,0
507100,2146,4,0
507100,2136,5,0
507100,2159,6,0
507100,2149,7,0
507100,2093,8,0
507100,2112,9,0
507100,2113,10,0
507100,356067,11,0
507100,2071,12,0
507100,2097,13,0
507100,2101,14,0
507100,2095,15,0
507100,2517,16,0
507100,2515,17,0
507100,1400,18,1
507101,1400,1,0
507101,2514,2,0
507101,2516,3,0
507101,2094,4,0
507101,2100,5,0
507101,2096,6,0
507101,356065,7,0
507101,1943,8,0
507101,1951,9,0
507101,1950,10,0
507101,1916,11,0
507101,356209,12,0
507101,356108,13,0
507101,1962,14,0
507101,2147,15,0
507101,2138,16,0
507101,355969,17,0
507101,355570,18,1
507200,1781,1,0
507200,1409,2,0
507200,1984,3,0
507200,1986,4,0
507200,1994,5,0
507200,1990,6,0
507200,1988,7,0
507200,356171,8,0
507200,1982,9,0
507200,1243,10,0
507200,1242,11,0
507200,1407,12,0
507200,355457,13,0
507200,1153,14,0
507200,1170,15,0
507200,1160,16,0
507200,1164,17,0
507200,1166,18,0
507200,1161,19,0
507200,356111,20,0
507200,1171,21,0
507200,355964,22,0
507200,355938,23,0
507200,1150,24,0
507200,1174,25,0
507200,3190,26,0
507200,1559,27,0
507200,1561,28,0
507200,1557,29,0
507200,1563,30,0
507200,2416,31,0
507200,2404,32,0
507200,2408,33,0
507200,2411,34,0
507200,2402,35,0
507200,2417,36,0
507200,2406,37,0
507200,2422,38,0
507200,2409,39,0
507200,2413,40,0
507200,2420,41,0
507200,2424,42,0
507200,2427,43,0
507200,2426,44,0
507200,355298,45,0
507200,2305,46,0
507200,2298,47,0
507200,2295,48,0
507200,2303,49,0
507200,356215,50,0
507200,2396,51,0
507200,356014,52,0
507200,2385,53,0
507200,2387,54,0
507200,2390,55,0
507200,2394,56,1
507201,2394,1,0
507201,2397,2,0
507201,356151,3,0
507201,356150,4,0
507201,2384,5,0
507201,2376,6,0
507201,2382,7,0
507201,2375,8,0
507201,2378,9,0
507201,2389,10,0
507201,3183,11,0
507201,3186,12,0
507201,3188,13,0
507201,2373,14,0
507201,2395,15,0
507201,355896,16,0
507201,355295,17,0
507201,2304,18,0
507201,2296,19,0
507201,2297,20,0
507201,2306,21,0
507201,355297,22,0
507201,1932,23,0
507201,2428,24,0
507201,2425,25,0
507201,2429,26,0
507201,2414,27,0
507201,2410,28,0
507201,2423,29,0
507201,2407,30,0
507201,2418,31,0
507201,2403,32,0
507201,2412,33,0
507201,2421,34,0
507201,2419,35,0
507201,2405,36,0
507201,2415,37,0
507201,1562,38,0
507201,1556,39,0
507201,1560,40,0
507201,1558,41,0
507201,1564,42,0
507201,3191,43,0
507201,1173,44,0
507201,1154,45,0
507201,1152,46,0
507201,1172,47,0
507201,1167,48,0
507201,1156,49,0
507201,1162,50,0
507201,1163,51,0
507201,1159,52,0
507201,1169,53,0
507201,1165,54,0
507201,1158,55,0
507201,1408,56,0
507201,1243,57,0
507201,1242,58,0
507201,356167,59,0
507201,1997,60,0
507201,356168,61,0
507201,1989,62,0
507201,1991,63,0
507201,355903,64,0
507201,1995,65,0
507201,1987,66,0
507201,1985,67,0
507201,1781,68,1
507300,355315,1,0
507300,355316,2,0
507300,355317,3,0
507300,355318,4,0
507300,355319,5,0
507300,3078,6,0
507300,1231,7,0
507300,1239,8,0
507300,1235,9,0
507300,356119,10,0
507300,355321,11,1
507301,355321,1,0
507301,355322,2,0
507301,355323,3,0
507301,355324,4,0
507301,355325,5,0
507301,355326,6,0
507301,355327,7,0
507301,2669,8,0
507301,2667,9,0
507301,2665,10,0
507301,2670,11,0
507301,355315,12,1
507400,355962,1,0
507400,1569,2,0
507400,1567,3,0
507400,1575,4,0
507400,1573,5,0
507400,2194,6,0
507400,2192,7,0
507400,2558,8,0
507400,3174,9,0
507400,3149,10,0
507400,3177,11,0
507400,3147,12,0
507400,3156,13,0
507400,3167,14,0
507400,3158,15,0
507400,3160,16,0
507400,3161,17,0
507400,3157,18,0
507400,3142,19,0
507400,3153,20,0
507400,1483,21,0
507400,1485,22,0
507400,1481,23,0
507400,1027,24,0
507400,355479,25,0
507400,1482,26,0
507400,1480,27,0
507400,1017,28,0
507400,1022,29,0
507400,1024,30,0
507400,1018,31,0
507400,1025,32,0
507400,3179,33,0
507400,3168,34,0
507400,2200,35,0
507400,2196,36,0
507400,2202,37,0
507400,2198,38,0
507400,1776,39,0
507400,1780,40,0
507400,1778,41,0
507400,2634,42,0
507400,2638,43,0
507400,2639,44,0
507400,355411,45,0
507400,2635,46,0
507400,1509,47,0
507400,355974,48,1
507401,355974,1,0
507401,356028,2,0
507401,355775,3,0
507401,3152,4,0
507401,356084,5,0
507401,2633,6,0
507401,2632,7,0
507401,1779,8,0
507401,1777,9,0
507401,2197,10,0
507401,2201,11,0
507401,2195,12,0
507401,2199,13,0
507401,3164,14,0
507401,3150,15,0
507401,3154,16,0
507401,3175,17,0
507401,3178,18,0
507401,3162,19,0
507401,1019,20,0
507401,1023,21,0
507401,1020,22,0
507401,1021,23,0
507401,1481,24,0
507401,1027,25,0
507401,355479,26,0
507401,1482,27,0
507401,1480,28,0
507401,1486,29,0
507401,1484,30,0
507401,1488,31,0
507401,3159,32,0
507401,356166,33,0
507401,3151,34,0
507401,356172,35,0
507401,3163,36,0
507401,3155,37,0
507401,3148,38,0
507401,3172,39,0
507401,2560,40,0
507401,2557,41,0
507401,2276,42,0
507401,2193,43,0
507401,2191,44,0
507401,1576,45,0
507401,1568,46,0
507401,1574,47,0
507401,1570,48,0
507401,2338,49,0
507401,2180,50,0
507401,355962,51,1
507500,355873,1,0
507500,356205,2,0
507500,355349,3,0
507500,355880,4,0
507500,356078,5,0
507500,356038,6,0
507500,355352,7,0
507500,355353,8,0
507500,355354,9,0
507500,355355,10,0
507500,355356,11,0
507500,356207,12,0
507500,355878,13,0
507500,355879,14,0
507500,355366,15,0
507500,355367,16,0
507500,355829,17,0
507500,355825,18,0
507500,355823,19,0
507500,355821,20,0
507500,356107,21,0
507500,356069,22,0
507500,356068,23,0
507500,356070,24,0
507500,355340,25,1
507501,355340,1,0
507501,356106,2,0
507501,355820,3,0
507501,355822,4,0
507501,355824,5,0
507501,355828,6,0
507501,355341,7,0
507501,355342,8,0
507501,355343,9,0
507501,356202,10,0
507501,356206,11,0
507501,355864,12,0
507501,355865,13,0
507501,355866,14,0
507501,355867,15,0
507501,356041,16,0
507501,356042,17,0
507501,356079,18,0
507501,355870,19,0
507501,356203,20,0
507501,356204,21,0
507501,355873,22,1
507600,356112,1,0
507600,356126,2,0
507600,356228,3,0
507600,1749,4,0
507600,1743,5,0
507600,1747,6,0
507600,1741,7,0
507600,1737,8,0
507600,1736,9,0
507600,1744,10,0
507600,355443,11,0
507600,1771,12,0
507600,1751,13,0
507600,356261,14,0
507600,3094,15,0
507600,3096,16,0
507600,355571,17,0
507600,355490,18,0
507600,2821,19,0
507600,2809,20,0
507600,2835,21,0
507600,2831,22,0
507600,2837,23,0
507600,355798,24,0
507600,356127,25,0
507600,356128,26,0
507600,355462,27,0
507600,355835,28,0
507600,355464,29,1
507601,355464,1,0
507601,356071,2,0
507601,355836,3,0
507601,355463,4,0
507601,356123,5,0
507601,356124,6,0
507601,355797,7,0
507601,355977,8,0
507601,2830,9,0
507601,2834,10,0
507601,2812,11,0
507601,2820,12,0
507601,355491,13,0
507601,355573,14,0
507601,3097,15,0
507601,3098,16,0
507601,3099,17,0
507601,356223,18,0
507601,356224,19,0
507601,356225,20,0
507601,356226,21,0
507601,356229,22,0
507601,355309,23,0
507601,356227,24,0
507601,1740,25,0
507601,1746,26,0
507601,1742,27,0
507601,1748,28,0
507601,1735,29,0
507601,355458,30,0
507601,356112,31,1
507700,356196,1,0
507700,1771,2,0
507700,1751,3,0
507700,356261,4,0
507700,3094,5,0
507700,3096,6,0
507700,355571,7,0
507700,1475,8,0
507700,1473,9,0
507700,1448,10,0
507700,1466,11,0
507700,1447,12,0
507700,1462,13,0
507700,1420,14,0
507700,1422,15,0
507700,1424,16,0
507700,1464,17,0
507700,1426,18,0
507700,1428,19,0
507700,1452,20,0
507700,1460,21,0
507700,1431,22,0
507700,1433,23,0
507700,1435,24,0
507700,1455,25,0
507700,1437,26,0
507700,1439,27,0
507700,1418,28,0
507700,1459,29,0
507700,1443,30,0
507700,1446,31,0
507700,1450,32,0
507700,1453,33,0
507700,2846,34,0
507700,2851,35,0
507700,2840,36,0
507700,2844,37,0
507700,2856,38,0
507700,2852,39,0
507700,2842,40,0
507700,2848,41,0
507700,2854,42,0
507700,2858,43,0
507700,2019,44,0
507700,356176,45,0
507700,355851,46,0
507700,356075,47,0
507700,355853,48,0
507700,2396,49,0
507700,356014,50,0
507700,3187,51,0
507700,355596,52,1
507701,355596,1,0
507701,2395,2,0
507701,355896,3,0
507701,355850,4,0
507701,355848,5,0
507701,356175,6,0
507701,2018,7,0
507701,2859,8,0
507701,2855,9,0
507701,2849,10,0
507701,2843,11,0
507701,2853,12,0
507701,2857,13,0
507701,2845,14,0
507701,2841,15,0
507701,2850,16,0
507701,2847,17,0
507701,1454,18,0
507701,1449,19,0
507701,1445,20,0
507701,1444,21,0
507701,1458,22,0
507701,1451,23,0
507701,1440,24,0
507701,1438,25,0
507701,1456,26,0
507701,1436,27,0
507701,1434,28,0
507701,1432,29,0
507701,1461,30,0
507701,1430,31,0
507701,1429,32,0
507701,1427,33,0
507701,1465,34,0
507701,1425,35,0
507701,1423,36,0
507701,1421,37,0
507701,1419,38,0
507701,1463,39,0
507701,1442,40,0
507701,1441,41,0
507701,1457,42,0
507701,1474,43,0
507701,355573,44,0
507701,3097,45,0
507701,3098,46,0
507701,3099,47,0
507701,2649,48,0
507701,355510,49,0
507701,355805,50,0
507701,355925,51,0
507701,1790,52,0
507701,356196,53,1
507800,356190,1,0
507800,1771,2,0
507800,1751,3,0
507800,356261,4,0
507800,2650,5,0
507800,1030,6,0
507800,2998,7,0
507800,3007,8,0
507800,2482,9,0
507800,2455,10,0
507800,356251,11,0
507800,2483,12,0
507800,2461,13,0
507800,2464,14,0
507800,2465,15,0
507800,2480,16,0
507800,2467,17,0
507800,2469,18,0
507800,2477,19,0
507800,2471,20,0
507800,2473,21,0
507800,2474,22,0
507800,2479,23,0
507800,2871,24,0
507800,2877,25,0
507800,2864,26,0
507800,2866,27,0
507800,2865,28,0
507800,2883,29,0
507800,2892,30,0
507800,2868,31,0
507800,356268,32,0
507800,356177,33,0
507800,2881,34,0
507800,2885,35,0
507800,2890,36,0
507800,2886,37,0
507800,2896,38,0
507800,2899,39,0
507800,2734,40,0
507800,1647,41,0
507800,1646,42,0
507800,2333,43,0
507800,2335,44,0
507800,2336,45,0
507800,355404,46,0
507800,355405,47,0
507800,356087,48,0
507800,356088,49,0
507800,356089,50,0
507800,356090,51,0
507800,356091,52,0
507800,355264,53,0
507800,355265,54,0
507800,355269,55,1
507801,355269,1,0
507801,2893,2,0
507801,2861,3,0
507801,2901,4,0
507801,2900,5,0
507801,2897,6,0
507801,2887,7,0
507801,2891,8,0
507801,2860,9,0
507801,2882,10,0
507801,2873,11,0
507801,2880,12,0
507801,2867,13,0
507801,2884,14,0
507801,2874,15,0
507801,2894,16,0
507801,2870,17,0
507801,2863,18,0
507801,2878,19,0
507801,2872,20,0
507801,355952,21,0
507801,2475,22,0
507801,2476,23,0
507801,2472,24,0
507801,356076,25,0
507801,2470,26,0
507801,2481,27,0
507801,2466,28,0
507801,2463,29,0
507801,2462,30,0
507801,2484,31,0
507801,356252,32,0
507801,2456,33,0
507801,3026,34,0
507801,355814,35,0
507801,2999,36,0
507801,1028,37,0
507801,355510,38,0
507801,355805,39,0
507801,355925,40,0
507801,1790,41,0
507801,356190,42,1
507900,356191,1,0
507900,1771,2,0
507900,1751,3,0
507900,356261,4,0
507900,2650,5,0
507900,1030,6,0
507900,1352,7,0
507900,1330,8,0
507900,1333,9,0
507900,1335,10,0
507900,1356,11,0
507900,1338,12,0
507900,1339,13,0
507900,1340,14,0
507900,1351,15,0
507900,355745,16,0
507900,1342,17,0
507900,1345,18,0
507900,1346,19,0
507900,355818,20,0
507900,2748,21,0
507900,2767,22,0
507900,2744,23,0
507900,2752,24,0
507900,2774,25,0
507900,2759,26,0
507900,2750,27,0
507900,2760,28,0
507900,2739,29,0
507900,2763,30,0
507900,2751,31,0
507900,2756,32,0
507900,2735,33,0
507900,2757,34,0
507900,2769,35,0
507900,2777,36,0
507900,2742,37,0
507900,2771,38,0
507900,2776,39,0
507900,2772,40,1
507901,2773,1,0
507901,2754,2,0
507901,2770,3,0
507901,2736,4,0
507901,2741,5,0
507901,2778,6,0
507901,2766,7,0
507901,2758,8,0
507901,2740,9,0
507901,2755,10,0
507901,2743,11,0
507901,2779,12,0
507901,2762,13,0
507901,2738,14,0
507901,2761,15,0
507901,2737,16,0
507901,2765,17,0
507901,2764,18,0
507901,2775,19,0
507901,2753,20,0
507901,2745,21,0
507901,2768,22,0
507901,356035,23,0
507901,2746,24,0
507901,1348,25,0
507901,1344,26,0
507901,1343,27,0
507901,1350,28,0
507901,1347,29,0
507901,1349,30,0
507901,1327,31,0
507901,1354,32,0
507901,1337,33,0
507901,1326,34,0
507901,1332,35,0
507901,1328,36,0
507901,1028,37,0
507901,355510,38,0
507901,355805,39,0
507901,355925,40,0
507901,1790,41,0
507901,356191,42,1
508000,356191,1,0
508000,1771,2,0
508000,1751,3,0
508000,356261,4,0
508000,2650,5,0
508000,1030,6,0
508000,1352,7,0
508000,1330,8,0
508000,1333,9,0
508000,1335,10,0
508000,1356,11,0
508000,1338,12,0
508000,1339,13,0
508000,1340,14,0
508000,1351,15,0
508000,2949,16,0
508000,2970,17,0
508000,2972,18,0
508000,2945,19,0
508000,2954,20,0
508000,2966,21,0
508000,2958,22,0
508000,2957,23,0
508000,2947,24,0
508000,2968,25,0
508000,2953,26,0
508000,2959,27,0
508000,2978,28,0
508000,2962,29,0
508000,2963,30,0
508000,2974,31,0
508000,2975,32,0
508000,2976,33,0
508000,2980,34,0
508000,2981,35,0
508000,2940,36,0
508000,2977,37,0
508000,2580,38,0
508000,355986,39,0
508000,2773,40,1
508001,2772,1,0
508001,2576,2,0
508001,2577,3,0
508001,2982,4,0
508001,356000,5,0
508001,2952,6,0
508001,2979,7,0
508001,2942,8,0
508001,2943,9,0
508001,2971,10,0
508001,2964,11,0
508001,2961,12,0
508001,2944,13,0
508001,2960,14,0
508001,2967,15,0
508001,2948,16,0
508001,2956,17,0
508001,2965,18,0
508001,2955,19,0
508001,2946,20,0
508001,2973,21,0
508001,2969,22,0
508001,2950,23,0
508001,1347,24,0
508001,1349,25,0
508001,1327,26,0
508001,1354,27,0
508001,1337,28,0
508001,1326,29,0
508001,1332,30,0
508001,1328,31,0
508001,1028,32,0
508001,355510,33,0
508001,355805,34,0
508001,355925,35,0
508001,1790,36,0
508001,356191,37,1
508100,356192,1,0
508100,1771,2,0
508100,1751,3,0
508100,356261,4,0
508100,2650,5,0
508100,1030,6,0
508100,1352,7,0
508100,1330,8,0
508100,1333,9,0
508100,1335,10,0
508100,1356,11,0
508100,3048,12,0
508100,3058,13,0
508100,3036,14,0
508100,3045,15,0
508100,3054,16,0
508100,3065,17,0
508100,3040,18,0
508100,3055,19,0
508100,3031,20,0
508100,3032,21,0
508100,2009,22,1
508101,2012,1,0
508101,3033,2,0
508101,3030,3,0
508101,3056,4,0
508101,3039,5,0
508101,3066,6,0
508101,3053,7,0
508101,3046,8,0
508101,3035,9,0
508101,3059,10,0
508101,3038,11,0
508101,3037,12,0
508101,1337,13,0
508101,1326,14,0
508101,1332,15,0
508101,1328,16,0
508101,1028,17,0
508101,355510,18,0
508101,355805,19,0
508101,355925,20,0
508101,1790,21,0
508101,356192,22,1
508200,356193,1,0
508200,1771,2,0
508200,1751,3,0
508200,356261,4,0
508200,2650,5,0
508200,1030,6,0
508200,2998,7,0
508200,3007,8,0
508200,3025,9,0
508200,2993,10,0
508200,3002,11,0
508200,3006,12,0
508200,3012,13,0
508200,3021,14,0
508200,3017,15,0
508200,3015,16,0
508200,3011,17,0
508200,3004,18,0
508200,2984,19,0
508200,2994,20,0
508200,3010,21,0
508200,3027,22,0
508200,2987,23,0
508200,3024,24,0
508200,3001,25,0
508200,3000,26,0
508200,2995,27,0
508200,3019,28,0
508200,355983,29,0
508200,355984,30,0
508200,3060,31,0
508200,3041,32,0
508200,3042,33,0
508200,3034,34,0
508200,3063,35,0
508200,3062,36,0
508200,3052,37,0
508200,2012,38,1
508201,2009,1,0
508201,3029,2,0
508201,3057,3,0
508201,3064,4,0
508201,3047,5,0
508201,3043,6,0
508201,3044,7,0
508201,3061,8,0
508201,355990,9,0
508201,355383,10,0
508201,2996,11,0
508201,2991,12,0
508201,2997,13,0
508201,3023,14,0
508201,356077,15,0
508201,3028,16,0
508201,3009,17,0
508201,3008,18,0
508201,2983,19,0
508201,2990,20,0
508201,3014,21,0
508201,3016,22,0
508201,3018,23,0
508201,356216,24,0
508201,3013,25,0
508201,3005,26,0
508201,3003,27,0
508201,2992,28,0
508201,3026,29,0
508201,355814,30,0
508201,2999,31,0
508201,1028,32,0
508201,355510,33,0
508201,355805,34,0
508201,355925,35,0
508201,1790,36,0
508201,356193,37,1
508300,356194,1,0
508300,1771,2,0
508300,1751,3,0
508300,356261,4,0
508300,2650,5,0
508300,1030,6,0
508300,2998,7,0
508300,3007,8,0
508300,1726,9,0
508300,1725,10,0
508300,1727,11,0
508300,356161,12,0
508300,2798,13,0
508300,2805,14,0
508300,355490,15,0
508300,2838,16,0
508300,2819,17,0
508300,2833,18,0
508300,2828,19,0
508300,2821,20,0
508300,2814,21,0
508300,2808,22,0
508300,2794,23,0
508300,2809,24,0
508300,2789,25,0
508300,2796,26,0
508300,2835,27,0
508300,2791,28,0
508300,2827,29,0
508300,2803,30,0
508300,2831,31,0
508300,2811,32,0
508300,2816,33,0
508300,2800,34,0
508300,2793,35,0
508300,2837,36,0
508300,356104,37,0
508300,356131,38,0
508300,356123,39,0
508300,356124,40,0
508300,355796,41,1
508301,355796,1,0
508301,355977,2,0
508301,355976,3,0
508301,2801,4,0
508301,2817,5,0
508301,2830,6,0
508301,2802,7,0
508301,2826,8,0
508301,2790,9,0
508301,2834,10,0
508301,2799,11,0
508301,2813,12,0
508301,2812,13,0
508301,2795,14,0
508301,2810,15,0
508301,2807,16,0
508301,2815,17,0
508301,2820,18,0
508301,2829,19,0
508301,2832,20,0
508301,2818,21,0
508301,2839,22,0
508301,2806,23,0
508301,2797,24,0
508301,2824,25,0
508301,1728,26,0
508301,1722,27,0
508301,1723,28,0
508301,1724,29,0
508301,355814,30,0
508301,2999,31,0
508301,1028,32,0
508301,355510,33,0
508301,355805,34,0
508301,355925,35,0
508301,1790,36,0
508301,356194,37,1
508400,356196,1,0
508400,1771,2,0
508400,1751,3,0
508400,356261,4,0
508400,3094,5,0
508400,3096,6,0
508400,355572,7,0
508400,1472,8,0
508400,1468,9,0
508400,1469,10,0
508400,1542,11,0
508400,1546,12,0
508400,1535,13,0
508400,1518,14,0
508400,1524,15,0
508400,1541,16,0
508400,2620,17,0
508400,2622,18,0
508400,2624,19,0
508400,2618,20,0
508400,356197,21,0
508400,2611,22,0
508400,1309,23,0
508400,1312,24,0
508400,1307,25,0
508400,355293,26,0
508400,2542,27,0
508400,2610,28,0
508400,2616,29,0
508400,1588,30,0
508400,1586,31,0
508400,2600,32,0
508400,2596,33,0
508400,2597,34,0
508400,2602,35,0
508400,2067,36,0
508400,2068,37,0
508400,2264,38,0
508400,2283,39,0
508400,2629,40,1
508401,2629,1,0
508401,2286,2,0
508401,2069,3,0
508401,2066,4,0
508401,2603,5,0
508401,2604,6,0
508401,2601,7,0
508401,2598,8,0
508401,2599,9,0
508401,1587,10,0
508401,1589,11,0
508401,2617,12,0
508401,2615,13,0
508401,356043,14,0
508401,356101,15,0
508401,355930,16,0
508401,1311,17,0
508401,2612,18,0
508401,2605,19,0
508401,2619,20,0
508401,2625,21,0
508401,2623,22,0
508401,2621,23,0
508401,2609,24,0
508401,1525,25,0
508401,1519,26,0
508401,1536,27,0
508401,1547,28,0
508401,1523,29,0
508401,1526,30,0
508401,1467,31,0
508401,1471,32,0
508401,1477,33,0
508401,355574,34,0
508401,3097,35,0
508401,3098,36,0
508401,3099,37,0
508401,2649,38,0
508401,355510,39,0
508401,355805,40,0
508401,355925,41,0
508401,1790,42,0
508401,356196,43,1
508500,2150,1,0
508500,1758,2,0
508500,1711,3,0
508500,1712,4,0
508500,1707,5,0
508500,1709,6,0
508500,1714,7,0
508500,2450,8,0
508500,2449,9,0
508500,2452,10,0
508500,2446,11,0
508500,1517,12,0
508500,1542,13,0
508500,1371,14,0
508500,2631,15,0
508500,2930,16,0
508500,2905,17,0
508500,2919,18,0
508500,2907,19,0
508500,2912,20,0
508500,2927,21,0
508500,2929,22,0
508500,2923,23,0
508500,2922,24,0
508500,2917,25,0
508500,2903,26,0
508500,2938,27,0
508500,2904,28,0
508500,2915,29,0
508500,2936,30,0
508500,2710,31,0
508500,2782,32,0
508500,2785,33,0
508500,2781,34,0
508500,2786,35,0
508500,2933,36,0
508500,2935,37,0
508500,2911,38,0
508500,2925,39,0
508500,355936,40,0
508500,356048,41,0
508500,1555,42,1
508501,1555,1,0
508501,1554,2,0
508501,2595,3,0
508501,2926,4,0
508501,2910,5,0
508501,2934,6,0
508501,2932,7,0
508501,2784,8,0
508501,2787,9,0
508501,2788,10,0
508501,2783,11,0
508501,2716,12,0
508501,2721,13,0
508501,2937,14,0
508501,2914,15,0
508501,2939,16,0
508501,2916,17,0
508501,2909,18,0
508501,2918,19,0
508501,2921,20,0
508501,2924,21,0
508501,2902,22,0
508501,2928,23,0
508501,2913,24,0
508501,2908,25,0
508501,2920,26,0
508501,2906,27,0
508501,2931,28,0
508501,2630,29,0
508501,1520,30,0
508501,1516,31,0
508501,2447,32,0
508501,1651,33,0
508501,1654,34,0
508501,1652,35,0
508501,1657,36,0
508501,1653,37,0
508501,1655,38,0
508501,2127,39,0
508501,2121,40,0
508501,2150,41,1
508600,356195,1,0
508600,1771,2,0
508600,1751,3,0
508600,356261,4,0
508600,3094,5,0
508600,3096,6,0
508600,355575,7,0
508600,3091,8,0
508600,3109,9,0
508600,3107,10,0
508600,3104,11,0
508600,3112,12,0
508600,3101,13,0
508600,3102,14,0
508600,2021,15,0
508600,2022,16,0
508600,2024,17,0
508600,2026,18,0
508600,2028,19,0
508600,2027,20,0
508600,1533,21,0
508600,1510,22,0
508600,1512,23,0
508600,1527,24,0
508600,1531,25,0
508600,1544,26,0
508600,1514,27,0
508600,1537,28,0
508600,1521,29,0
508600,1529,30,0
508600,3092,31,0
508600,1318,32,0
508600,1316,33,0
508600,1317,34,0
508600,1315,35,0
508600,2723,36,0
508600,2717,37,0
508600,2791,38,0
508600,2827,39,0
508600,2803,40,0
508600,2831,41,0
508600,2589,42,0
508600,2592,43,0
508600,2587,44,0
508600,2594,45,0
508600,2586,46,0
508600,355738,47,0
508600,355736,48,0
508600,355764,49,0
508600,355741,50,1
508601,355741,1,0
508601,355739,2,0
508601,355740,3,0
508601,1530,4,0
508601,1522,5,0
508601,1538,6,0
508601,1515,7,0
508601,1545,8,0
508601,1532,9,0
508601,1528,10,0
508601,1513,11,0
508601,1511,12,0
508601,1534,13,0
508601,355416,14,0
508601,2029,15,0
508601,2025,16,0
508601,2023,17,0
508601,2030,18,0
508601,2585,19,0
508601,2593,20,0
508601,2588,21,0
508601,355980,22,0
508601,2590,23,0
508601,2830,24,0
508601,2802,25,0
508601,2826,26,0
508601,2790,27,0
508601,2718,28,0
508601,2722,29,0
508601,2704,30,0
508601,1313,31,0
508601,355847,32,0
508601,1319,33,0
508601,3093,34,0
508601,3103,35,0
508601,3100,36,0
508601,3111,37,0
508601,3105,38,0
508601,3108,39,0
508601,3110,40,0
508601,356049,41,0
508601,355574,42,0
508601,3097,43,0
508601,3098,44,0
508601,3099,45,0
508601,2649,46,0
508601,355510,47,0
508601,355805,48,0
508601,355925,49,0
508601,1790,50,0
508601,356195,51,1
508700,1717,1,0
508700,1499,2,0
508700,1498,3,0
508700,1494,4,0
508700,1496,5,0
508700,1175,6,0
508700,1180,7,0
508700,1178,8,0
508700,1179,9,0
508700,2357,10,0
508700,1181,11,0
508700,1177,12,0
508700,1640,13,0
508700,1639,14,0
508700,1822,15,0
508700,1826,16,0
508700,1813,17,0
508700,1811,18,0
508700,1817,19,0
508700,1810,20,0
508700,1820,21,0
508700,1831,22,0
508700,1833,23,0
508700,1827,24,0
508700,1835,25,0
508700,1830,26,0
508700,2363,27,0
508700,2356,28,0
508700,2360,29,0
508700,356277,30,0
508700,2367,31,0
508700,2366,32,0
508700,2370,33,0
508700,1930,34,0
508700,1924,35,0
508700,1918,36,0
508700,1953,37,0
508700,1921,38,0
508700,1809,39,0
508700,2876,40,0
508700,2888,41,0
508700,2871,42,0
508700,2877,43,0
508700,2864,44,0
508700,2866,45,0
508700,2865,46,0
508700,2883,47,0
508700,2219,48,0
508700,2230,49,0
508700,2229,50,0
508700,2245,51,0
508700,2228,52,0
508700,2220,53,0
508700,2250,54,0
508700,2226,55,0
508700,2225,56,0
508700,2236,57,0
508700,355301,58,0
508700,3031,59,0
508700,3032,60,0
508700,2011,61,0
508700,3049,62,0
508700,3033,63,0
508700,3030,64,0
508700,2254,65,0
508700,2223,66,0
508700,2241,67,0
508700,2252,68,0
508700,2221,69,0
508700,2255,70,0
508700,2243,71,0
508700,2247,72,0
508700,2265,73,0
508700,2293,74,0
508700,2278,75,0
508700,2261,76,0
508700,2285,77,0
508700,2289,78,0
508700,2291,79,0
508700,2271,80,0
508700,2273,81,0
508700,2268,82,0
508700,2287,83,0
508700,2269,84,0
508700,3252,85,0
508700,2262,86,0
508700,2274,87,0
508700,2264,88,0
508700,2283,89,0
508700,2258,90,0
508700,2279,91,0
508700,1577,92,0
508700,2182,93,0
508700,2181,94,0
508700,2180,95,0
508700,2183,96,1
508701,2183,1,0
508701,1570,2,0
508701,1566,3,0
508701,2280,4,0
508701,2257,5,0
508701,2286,6,0
508701,2275,7,0
508701,2263,8,0
508701,2282,9,0
508701,2267,10,0
508701,2288,11,0
508701,2266,12,0
508701,2272,13,0
508701,2290,14,0
508701,2277,15,0
508701,2284,16,0
508701,2260,17,0
508701,2259,18,0
508701,2294,19,0
508701,2270,20,0
508701,2246,21,0
508701,2233,22,0
508701,2256,23,0
508701,2222,24,0
508701,2251,25,0
508701,2242,26,0
508701,2224,27,0
508701,355409,28,0
508701,3031,29,0
508701,3032,30,0
508701,2010,31,0
508701,3049,32,0
508701,3033,33,0
508701,3030,34,0
508701,2235,35,0
508701,2227,36,0
508701,2249,37,0
508701,2237,38,0
508701,2234,39,0
508701,2244,40,0
508701,2240,41,0
508701,2231,42,0
508701,2248,43,0
508701,2874,44,0
508701,2894,45,0
508701,2870,46,0
508701,2863,47,0
508701,2878,48,0
508701,2872,49,0
508701,355952,50,0
508701,2898,51,0
508701,1809,52,0
508701,1837,53,0
508701,2004,54,0
508701,1715,55,0
508701,1952,56,0
508701,1936,57,0
508701,1903,58,0
508701,1929,59,0
508701,2369,60,0
508701,2368,61,0
508701,2365,62,0
508701,2361,63,0
508701,2359,64,0
508701,2355,65,0
508701,2364,66,0
508701,2357,67,0
508701,2358,68,0
508701,1829,69,0
508701,1836,70,0
508701,1828,71,0
508701,1834,72,0
508701,1832,73,0
508701,1821,74,0
508701,1825,75,0
508701,1818,76,0
508701,356178,77,0
508701,1812,78,0
508701,1814,79,0
508701,1824,80,0
508701,1823,81,0
508701,1819,82,0
508701,1815,83,0
508701,1227,84,0
508701,356057,85,0
508701,1719,86,0
508701,1718,87,0
508701,1717,88,1
508800,2010,1,0
508800,3049,2,0
508800,3033,3,0
508800,3030,4,0
508800,2235,5,0
508800,2227,6,0
508800,2249,7,0
508800,2237,8,0
508800,2234,9,0
508800,2244,10,0
508800,2240,11,0
508800,2231,12,0
508800,2248,13,0
508800,2238,14,0
508800,2215,15,0
508800,2216,16,0
508800,2842,17,0
508800,2848,18,0
508800,2854,19,0
508800,2858,20,0
508800,2019,21,0
508800,356176,22,0
508800,355959,23,1
508801,355959,1,0
508801,356175,2,0
508801,2018,3,0
508801,2859,4,0
508801,2855,5,0
508801,2849,6,0
508801,2843,7,0
508801,355967,8,0
508801,2232,9,0
508801,2218,10,0
508801,2239,11,0
508801,355956,12,0
508801,2219,13,0
508801,2230,14,0
508801,2229,15,0
508801,2245,16,0
508801,2228,17,0
508801,2220,18,0
508801,2250,19,0
508801,2226,20,0
508801,2225,21,0
508801,2236,22,0
508801,355301,23,0
508801,3031,24,0
508801,3032,25,0
508801,2010,26,1
508900,355962,1,0
508900,1570,2,0
508900,1566,3,0
508900,1578,4,0
508900,2711,5,0
508900,355286,6,0
508900,2716,7,0
508900,2721,8,0
508900,2706,9,0
508900,2708,10,0
508900,356064,11,0
508900,355289,12,0
508900,2705,13,0
508900,2723,14,0
508900,2717,15,0
508900,2683,16,0
508900,3250,17,0
508900,2702,18,0
508900,2679,19,0
508900,3063,20,0
508900,3062,21,0
508900,3052,22,0
508900,356044,23,0
508900,3029,24,0
508900,3057,25,0
508900,2703,26,0
508900,2693,27,0
508900,2699,28,0
508900,2687,29,0
508900,2695,30,0
508900,2694,31,0
508900,2697,32,0
508900,2685,33,0
508900,2674,34,0
508900,2681,35,0
508900,2676,36,0
508900,2684,37,0
508900,2688,38,0
508900,355853,39,0
508900,2396,40,0
508900,356014,41,0
508900,3187,42,0
508900,3185,43,0
508900,3184,44,0
508900,2388,45,0
508900,2377,46,0
508900,2374,47,0
508900,2383,48,0
508900,2381,49,0
508900,2391,50,0
508900,2379,51,0
508900,2392,52,0
508900,2393,53,0
508900,2179,54,0
508900,2178,55,0
508900,1579,56,0
508900,1585,57,0
508900,1582,58,0
508900,1730,59,0
508900,1729,60,0
508900,355733,61,0
508900,1550,62,0
508900,1551,63,0
508900,1549,64,0
508900,1661,65,0
508900,1658,66,0
508900,1660,67,0
508900,1659,68,0
508900,1665,69,1
508901,1665,1,0
508901,355960,2,0
508901,1662,3,0
508901,355937,4,0
508901,1491,5,0
508901,1492,6,0
508901,1490,7,0
508901,356200,8,0
508901,356199,9,0
508901,356185,10,0
508901,356186,11,0
508901,356187,12,0
508901,356188,13,0
508901,356189,14,0
508901,1731,15,0
508901,1581,16,0
508901,1583,17,0
508901,1580,18,0
508901,1584,19,0
508901,2394,20,0
508901,2397,21,0
508901,356151,22,0
508901,356150,23,0
508901,2384,24,0
508901,2376,25,0
508901,2382,26,0
508901,2375,27,0
508901,2378,28,0
508901,2389,29,0
508901,3183,30,0
508901,3186,31,0
508901,3188,32,0
508901,2373,33,0
508901,2395,34,0
508901,355896,35,0
508901,2689,36,0
508901,2677,37,0
508901,2682,38,0
508901,2675,39,0
508901,2686,40,0
508901,2698,41,0
508901,2690,42,0
508901,2696,43,0
508901,2691,44,0
508901,2700,45,0
508901,2692,46,0
508901,3063,47,0
508901,3062,48,0
508901,3052,49,0
508901,356044,50,0
508901,3029,51,0
508901,3057,52,0
508901,3064,53,0
508901,2680,54,0
508901,2701,55,0
508901,3251,56,0
508901,2678,57,0
508901,2718,58,0
508901,2722,59,0
508901,2704,60,0
508901,355292,61,0
508901,2712,62,0
508901,2709,63,0
508901,2707,64,0
508901,2719,65,0
508901,2710,66,0
508901,355287,67,0
508901,2714,68,0
508901,2182,69,0
508901,2181,70,0
508901,2180,71,0
508901,355962,72,1
509000,356181,1,0
509000,356095,2,0
509000,1280,3,0
509000,1282,4,0
509000,1286,5,0
509000,1284,6,0
509000,355816,7,0
509000,1402,8,0
509000,1292,9,0
509000,1279,10,0
509000,1296,11,0
509000,1294,12,0
509000,355473,13,0
509000,355794,14,0
509000,355474,15,0
509000,355514,16,0
509000,355934,17,0
509000,355935,18,0
509000,355516,19,0
509000,355517,20,0
509000,356212,21,0
509000,355518,22,0
509000,356213,23,0
509000,355519,24,0
509000,356120,25,0
509000,355476,26,0
509000,356132,27,0
509000,356134,28,0
509000,356136,29,0
509000,2396,30,0
509000,356014,31,0
509000,3187,32,0
509000,355596,33,0
509000,2395,34,0
509000,356138,35,0
509000,356140,36,0
509000,356142,37,0
509000,355899,38,0
509000,355370,39,0
509000,355371,40,0
509000,355372,41,0
509000,355373,42,0
509000,355375,43,0
509000,355376,44,0
509000,355378,45,0
509000,2576,46,0
509000,2577,47,0
509000,355379,48,0
509000,355380,49,0
509000,355988,50,0
509000,355989,51,0
509000,355990,52,0
509000,355383,53,0
509000,355384,54,0
509000,355385,55,0
509000,2589,56,0
509000,2592,57,0
509000,2587,58,0
509000,2594,59,0
509000,2586,60,0
509000,356016,61,0
509000,355387,62,0
509000,355388,63,0
509000,355936,64,0
509000,356048,65,0
509000,355477,66,0
509000,355770,67,0
509000,356121,68,0
509000,355522,69,0
509000,355949,70,0
509000,355524,71,0
509000,355478,72,0
509000,355901,73,0
509000,356080,74,0
509000,355526,75,0
509000,355527,76,0
509000,355479,77,0
509000,355528,78,0
509000,355529,79,0
509000,355530,80,0
509000,355531,81,0
509000,1509,82,0
509000,356025,83,0
509000,356081,84,0
509000,356027,85,0
509000,355532,86,0
509000,355533,87,0
509000,355534,88,0
509000,355535,89,0
509000,356114,90,0
509000,355537,91,0
509000,355538,92,0
509000,355465,93,1
509000,1555,94,1
509001,356116,1,0
509001,355539,2,0
509001,356115,3,0
509001,356113,4,0
509001,355735,5,0
509001,355543,6,0
509001,355544,7,0
509001,355545,8,0
509001,356028,9,0
509001,356026,10,0
509001,355546,11,0
509001,355547,12,0
509001,355548,13,0
509001,355549,14,0
509001,355466,15,0
509001,355550,16,0
509001,355551,17,0
509001,355552,18,0
509001,355902,19,0
509001,355467,20,0
509001,355553,21,0
509001,355932,22,0
509001,355555,23,0
509001,355556,24,0
509001,355769,25,0
509001,355931,26,0
509001,1555,27,0
509001,2595,28,0
509001,356183,29,0
509001,355833,30,0
509001,355979,31,0
509001,2585,32,0
509001,2593,33,0
509001,2588,34,0
509001,355980,35,0
509001,2590,36,0
509001,355981,37,0
509001,355393,38,0
509001,355982,39,0
509001,355983,40,0
509001,355985,41,0
509001,355396,42,0
509001,355397,43,0
509001,2580,44,0
509001,355986,45,0
509001,355987,46,0
509001,355399,47,0
509001,355400,48,0
509001,355401,49,0
509001,355403,50,0
509001,355404,51,0
509001,355405,52,0
509001,355406,53,0
509001,355900,54,0
509001,356132,55,0
509001,356134,56,0
509001,356136,57,0
509001,2396,58,0
509001,355597,59,0
509001,355716,60,0
509001,3188,61,0
509001,2373,62,0
509001,2395,63,0
509001,356138,64,0
509001,356140,65,0
509001,356142,66,0
509001,355469,67,0
509001,355557,68,0
509001,355558,69,0
509001,356152,70,0
509001,356214,71,0
509001,356211,72,0
509001,355560,73,0
509001,355561,74,0
509001,355470,75,0
509001,355933,76,0
509001,355563,77,0
509001,355471,78,0
509001,355793,79,0
509001,355472,80,0
509001,1295,81,0
509001,1288,82,0
509001,1287,83,0
509001,1293,84,0
509001,1405,85,0
509001,1297,86,0
509001,355815,87,0
509001,1285,88,0
509001,1298,89,0
509001,1283,90,0
509001,1281,91,0
509001,356095,92,0
509001,356182,93,1
509100,355432,1,0
509100,1790,2,0
509100,1917,3,0
509100,1964,4,0
509100,1955,5,0
509100,1960,6,0
509100,356108,7,0
509100,1976,8,0
509100,1979,9,0
509100,1962,10,0
509100,1969,11,0
509100,1967,12,0
509100,1959,13,0
509100,1972,14,0
509100,1978,15,0
509100,2660,16,0
509100,2655,17,0
509100,356184,18,0
509100,2663,19,0
509100,2186,20,0
509100,2189,21,0
509100,355742,22,0
509100,1416,23,0
509100,1412,24,0
509100,355743,25,0
509100,3120,26,0
509100,3127,27,0
509100,3118,28,0
509100,3122,29,0
509100,3125,30,0
509100,3123,31,0
509100,2166,32,0
509100,2115,33,0
509100,2118,34,0
509100,2120,35,0
509100,3145,36,0
509100,3181,37,1
509101,3181,1,0
509101,355765,2,0
509101,356208,3,0
509101,2119,4,0
509101,2117,5,0
509101,2116,6,0
509101,2165,7,0
509101,3113,8,0
509101,3124,9,0
509101,3121,10,0
509101,3117,11,0
509101,3126,12,0
509101,3114,13,0
509101,3119,14,0
509101,3115,15,0
509101,1413,16,0
509101,1417,17,0
509101,1415,18,0
509101,1411,19,0
509101,2190,20,0
509101,2185,21,0
509101,2661,22,0
509101,2658,23,0
509101,2654,24,0
509101,2659,25,0
509101,1973,26,0
509101,1971,27,0
509101,2041,28,0
509101,2045,29,0
509101,2146,30,0
509101,2148,31,0
509101,2136,32,0
509101,356276,33,0
509101,2156,34,0
509101,2159,35,0
509101,2127,36,0
509101,2121,37,0
509101,2150,38,0
509101,1771,39,0
509101,355432,40,1
509200,2349,1,0
509200,3240,2,0
509200,3231,3,0
509200,3241,4,0
509200,3237,5,0
509200,3228,6,0
509200,3227,7,0
509200,3234,8,0
509200,3235,9,0
509200,355943,10,0
509200,2340,11,0
509200,2341,12,0
509200,2346,13,0
509200,2347,14,0
509200,2442,15,0
509200,2439,16,0
509200,2440,17,0
509200,2441,18,0
509200,2350,19,1
509201,2350,1,0
509201,2731,2,0
509201,2730,3,0
509201,2732,4,0
509201,2348,5,0
509201,2344,6,0
509201,2343,7,0
509201,2339,8,0
509201,1603,9,0
509201,3236,10,0
509201,3233,11,0
509201,3230,12,0
509201,3229,13,0
509201,3238,14,0
509201,3242,15,0
509201,3232,16,0
509201,3239,17,0
509201,2349,18,1
509300,1399,1,0
509300,2507,2,0
509300,2490,3,0
509300,2513,4,0
509300,2491,5,0
509300,2499,6,0
509300,2501,7,0
509300,2506,8,0
509300,1678,9,0
509300,1670,10,0
509300,1679,11,0
509300,1685,12,0
509300,1684,13,0
509300,1686,14,0
509300,1681,15,0
509300,1691,16,0
509300,1671,17,0
509300,1675,18,0
509300,1666,19,0
509300,1676,20,0
509300,1669,21,0
509300,1617,22,0
509300,1616,23,0
509300,1613,24,0
509300,1619,25,0
509300,1611,26,0
509300,1610,27,0
509300,1048,28,0
509300,1075,29,0
509300,355782,30,0
509300,1132,31,0
509300,1135,32,0
509300,1129,33,0
509300,1137,34,0
509300,1143,35,0
509300,1140,36,0
509300,1145,37,0
509300,355928,38,0
509300,1378,39,0
509300,1033,40,0
509300,1034,41,0
509300,1032,42,0
509300,1035,43,0
509300,356230,44,0
509300,356231,45,0
509300,356232,46,0
509300,356233,47,0
509300,356234,48,0
509300,356272,49,0
509300,356255,50,0
509300,1798,51,0
509300,356253,52,0
509300,356254,53,0
509300,356235,54,0
509300,356236,55,0
509300,356274,56,0
509300,356238,57,0
509300,356239,58,0
509300,356257,59,0
509300,356258,60,1
509301,356258,1,0
509301,356259,2,0
509301,356260,3,0
509301,356250,4,0
509301,356249,5,0
509301,356248,6,0
509301,356247,7,0
509301,356246,8,0
509301,356245,9,0
509301,356244,10,0
509301,356272,11,0
509301,356255,12,0
509301,1798,13,0
509301,1683,14,0
509301,356086,15,0
509301,1677,16,0
509301,1667,17,0
509301,1689,18,0
509301,1672,19,0
509301,1690,20,0
509301,1688,21,0
509301,1687,22,0
509301,1693,23,0
509301,1674,24,0
509301,355777,25,0
509301,1680,26,0
509301,1692,27,0
509301,1673,28,0
509301,356253,29,0
509301,356254,30,0
509301,356243,31,0
509301,356242,32,0
509301,356241,33,0
509301,356240,34,0
509301,355746,35,0
509301,1130,36,0
509301,1142,37,0
509301,1131,38,0
509301,1146,39,0
509301,1141,40,0
509301,1144,41,0
509301,1138,42,0
509301,1139,43,0
509301,1136,44,0
509301,1133,45,0
509301,355781,46,0
509301,1076,47,0
509301,1048,48,0
509301,1075,49,0
509301,1609,50,0
509301,1612,51,0
509301,1618,52,0
509301,1614,53,0
509301,1615,54,0
509301,2504,55,0
509301,2502,56,0
509301,2500,57,0
509301,2492,58,0
509301,2512,59,0
509301,2521,60,0
509301,2508,61,0
509301,1400,62,1
509301,1399,63,1
