'1601merged1808414',1001,74800,,'',0,1000,,'',0
'1merged1808403',1000,64600,4,'',0,1000,4,'',0,5000,4,'',0,1000,4,'',0,1000,4,'',0,1000,4,'',0,1000,4,'',0,700,4,'',0,4800,4,'',0,700,4,'',0,800,4,'',0,700,4,'',0,800,4,'',0,700,4,'',0,800,4,'',0,700,4,'',0,4800,4,'',0,700,4,'',0,800,4,'',0,700,4,'',0,800,4,'',0,700,4,'',0,800,4,'',0,700,4,'',0,4800,4,'',0,1200,4,'',0,1200,4,'',0,1200,4,'',0,1200,4,'',0,5200,4,'',0,1200,4,'',0,1200,4,'',0,1200,4,'',0,1200,4,'',0,5200,4,'',0,1200,4,'',0,1200,4,'',0,1200,4,'',0,1200,4,'',0,5200,4,'',0,1200,4,'',0,1200,4,'',0,1200,4,'',0,1300,4,'',0,5200,4,'',0,1200,4,'',0,1200,4,'',0,800,4,'',0,700,4,'',0,800,4,'',0,700,4,'',0,4800,4,'',0,700,4,'',0,800,4,'',0,700,4,'',0,800,4,'',0,700,4,'',0,800,4,'',0,700,4,'',0,4800,4,'',0,700,4,'',0,800,4,'',0,700,4,'',0,800,4,'',0,700,4,'',0,800,4,'',0,700,4,'',0,4800,4,'',0,700,4,'',0,800,4,'',0,700,4,'',0,800,4,'',0,700,4,'',0,800,4,'',0,700,4,'',0,4800,4,'',0,700,4,'',0,800,4,'',0,1500,4,'',0,1200,4,'',0,1200,4,'',0,5000,4,'',0,1200,4,'',0,1200,4,'',0,1200,4,'',0,1200,4,'',0,5200,4,'',0,1200,4,'',0,1200,4,'',0,1200,4,'',0,1200,4,'',0,5200,4,'',0,1200,4,'',0,1200,4,'',0,1200,4,'',0,1200,4,'',0
'1merged1808403',1001,52800,,'',0,1500,,'',0,1500,,'',0,5500,,'',0,1500,,'',0,1500,,'',0,800,,'',0,700,,'',0,4800,,'',0,700,,'',0,800,,'',0,700,,'',0,800,,'',0,700,,'',0,800,,'',0,700,,'',0,4800,,'',0,700,,'',0,800,,'',0,700,,'',0,800,,'',0,700,,'',0,800,,'',0,700,,'',0,4800,,'',0,1200,,'',0,1200,,'',0,1200,,'',0,1200,,'',0,5200,,'',0,1200,,'',0,1200,,'',0,1200,,'',0,1200,,'',0,5200,,'',0,1200,,'',0,1200,,'',0,1200,,'',0,1200,,'',0,5200,,'',0,1200,,'',0,1200,,'',0,1200,,'',0,1200,,'',0,5200,,'',0,1200,,'',0,1200,,'',0,1200,,'',0,900,,'',0,800,,'',0,4700,,'',0,800,,'',0,700,,'',0,800,,'',0,700,,'',0,800,,'',0,700,,'',0,800,,'',0,4700,,'',0,800,,'',0,700,,'',0,800,,'',0,700,,'',0,800,,'',0,700,,'',0,800,,'',0,4700,,'',0,800,,'',0,700,,'',0,800,,'',0,700,,'',0,800,,'',0,700,,'',0,800,,'',0,4700,,'',0,800,,'',0,700,,'',0,800,,'',0,700,,'',0,1200,,'',0,5200,,'',0,1400,,'',0,1200,,'',0,1200,,'',0,1200,,'',0,5200,,'',0,1200,,'',0,1200,,'',0,1200,,'',0,1200,,'',0,5200,,'',0,1200,,'',0,1200,,'',0,1200,,'',0,1200,,'',0,5200,,'',0,1200,,'',0,1200,,'',0
'2merged1808407',1000,82100,4,'',0,1500,4,'',0,1500,4,'',0,5500,4,'',0,1500,4,'',0,1500,4,'',0,1500,4,'',0,5500,4,'',0,1700,4,'',0,1500,4,'',0,1500,4,'',0,5500,4,'',0,1500,4,'',0,1500,4,'',0,1500,4,'',0,5500,4,'',0,1500,4,'',0,1500,4,'',0,1500,4,'',0,5500,4,'',0,1500,4,'',0,1500,4,'',0,1500,4,'',0,5500,4,'',0,1500,4,'',0,1500,4,'',0,1500,4,'',0,5500,4,'',0,1500,4,'',0,1500,4,'',0,1500,4,'',0,5500,4,'',0,1500,4,'',0,1500,4,'',0,1500,4,'',0,5500,4,'',0,1500,4,'',0,1500,4,'',0,1500,4,'',0,5500,4,'',0,1500,4,'',0,1500,4,'',0,1500,4,'',0,5500,4,'',0,1300,4,'',0,2000,4,'',0,6000,4,'',0,2000,4,'',0,2000,4,'',0,6000,4,'',0,2000,4,'',0,2000,4,'',0,6000,4,'',0
'2merged1808407',1001,80800,,'',0,1500,,'',0,1500,,'',0,1500,,'',0,5500,,'',0,1500,,'',0,1400,,'',0,1300,,'',0,5500,,'',0,1500,,'',0,1500,,'',0,1500,,'',0,5500,,'',0,1500,,'',0,1500,,'',0,1500,,'',0,5500,,'',0,1500,,'',0,1500,,'',0,1500,,'',0,5500,,'',0,1500,,'',0,1500,,'',0,1500,,'',0,5500,,'',0,1500,,'',0,1500,,'',0,1500,,'',0,5500,,'',0,1500,,'',0,1500,,'',0,1500,,'',0,5500,,'',0,1500,,'',0,1500,,'',0,1500,,'',0,5500,,'',0,1500,,'',0,1500,,'',0,1500,,'',0,5500,,'',0,1500,,'',0,1800,,'',0,2000,,'',0,6000,,'',0,2000,,'',0,2000,,'',0,6000,,'',0,2000,,'',0,2000,,'',0,6000,,'',0,2000,,'',0
'5',1000,82100,4,'',0,1500,4,'',0,1500,4,'',0,5500,4,'',0,1500,4,'',0,1500,4,'',0,1500,4,'',0,5500,4,'',0,1700,4,'',0,1500,4,'',0,1500,4,'',0,5500,4,'',0,1500,4,'',0,1500,4,'',0,1500,4,'',0,5500,4,'',0,1500,4,'',0,1500,4,'',0,1500,4,'',0,5500,4,'',0,1500,4,'',0,1500,4,'',0,1500,4,'',0,5500,4,'',0,1500,4,'',0,1500,4,'',0,1500,4,'',0,5500,4,'',0,1500,4,'',0,1500,4,'',0,1500,4,'',0,5500,4,'',0,1500,4,'',0,1500,4,'',0,1500,4,'',0,5500,4,'',0,1500,4,'',0,1500,4,'',0,1500,4,'',0,5500,4,'',0,1500,4,'',0,1500,4,'',0,1500,4,'',0,5500,4,'',0,1300,4,'',0,2000,4,'',0,6000,4,'',0,2000,4,'',0,2000,4,'',0,6000,4,'',0,2000,4,'',0,2000,4,'',0,6000,4,'',0
'5',1001,80800,,'',0,1500,,'',0,1500,,'',0,1500,,'',0,5500,,'',0,1500,,'',0,1400,,'',0,1300,,'',0,5500,,'',0,1500,,'',0,1500,,'',0,1500,,'',0,5500,,'',0,1500,,'',0,1500,,'',0,1500,,'',0,5500,,'',0,1500,,'',0,1500,,'',0,1500,,'',0,5500,,'',0,1500,,'',0,1500,,'',0,1500,,'',0,5500,,'',0,1500,,'',0,1500,,'',0,1500,,'',0,5500,,'',0,1500,,'',0,1500,,'',0,1500,,'',0,5500,,'',0,1500,,'',0,1500,,'',0,1500,,'',0,5500,,'',0,1500,,'',0,1500,,'',0,1500,,'',0,5500,,'',0,1500,,'',0,1800,,'',0,2000,,'',0,6000,,'',0,2000,,'',0,2000,,'',0,6000,,'',0,2000,,'',0,2000,,'',0,6000,,'',0,2000,,'',0
'1601merged1808414',5501,74600,4,'',0,200,4,'',0
'1merged1808403',5501,52600,4,'',0,7600,4,'',0,1700,4,'',0,3000,4,'',0,5300,4,'',0,1700,4,'',0,1500,4,'',0,1500,4,'',0,5500,4,'',0,1500,4,'',0,2200,4,'',0,800,4,'',0,7000,4,'',0,2200,4,'',0,8700,4,'',0,1500,4,'',0,31500,4,'',0,7400,4,'',0,1700,4,'',0,5500,4,'',0,1500,4,'',0,2200,4,'',0,800,4,'',0,6200,4,'',0,800,4,'',0,2200,4,'',0,800,4,'',0,6200,4,'',0,800,4,'',0,3000,4,'',0,9900,4,'',0
'1merged1808403',5801,64100,4,'',0,7000,4,'',0,3000,4,'',0,7000,4,'',0,2300,4,'',0,7000,4,'',0,50700,4,'',0,3000,4,'',0,7000,4,'',0,2300,4,'',0,7000,4,'',0,3000,4,'',0,7000,4,'',0,3000,4,'',0,7000,4,'',0,2400,4,'',0
'1201',9940000,140000,,'',0,3000,,'',0,7000,,'',0,3000,,'',0,1500,,'',0
'1202',9940000,140000,,'',0,3000,,'',0,7000,,'',0,3000,,'',0,1500,,'',0
'1203',9940000,140000,,'',0,3000,,'',0,7000,,'',0,3000,,'',0,1500,,'',0
'1501merged1808412',9973000,173000,,'',0,7000,,'',0,3000,,'',0,7000,,'',0,1500,,'',0
'1502merged1808404',9973000,173000,,'',0,7000,,'',0,3000,,'',0,7000,,'',0,1500,,'',0
'1503merged1808405',9973000,173000,,'',0,7000,,'',0,3000,,'',0,7000,,'',0,1500,,'',0
