'1merged1842992',506200,43800,,'',0,2000,,'',0,5200,,'',0,1500,,'',0,1500,,'',0,1000,,'',0,5000,,'',0,1000,,'',0,1000,,'',0,1000,,'',0,1000,,'',0,1000,,'',0,5000,,'',0,1500,,'',0,1500,,'',0,1500,,'',0,5500,,'',0,1500,,'',0,1500,,'',0,1500,,'',0,5500,,'',0,1200,,'',0,1200,,'',0,1200,,'',0,1200,,'',0,5200,,'',0,1200,,'',0,1200,,'',0,1200,,'',0,1200,,'',0,5200,,'',0,1200,,'',0,1200,,'',0,1200,,'',0,1200,,'',0,5200,,'',0,1200,,'',0,1200,,'',0,1200,,'',0,1200,,'',0,5200,,'',0,1200,,'',0,1200,,'',0,1200,,'',0,1200,,'',0,5200,,'',0,1200,,'',0,1200,,'',0,1200,,'',0,1200,,'',0,5200,,'',0,1200,,'',0,1200,,'',0,1200,,'',0,1200,,'',0,5200,,'',0,1200,,'',0,1200,,'',0,1200,,'',0,1200,,'',0,5200,,'',0,1200,,'',0,1200,,'',0,1200,,'',0,1200,,'',0,5200,,'',0,1500,,'',0,1500,,'',0,1500,,'',0,5500,,'',0,800,,'',0,700,,'',0,1500,,'',0,1500,,'',0,5500,,'',0,1500,,'',0,1500,,'',0,1500,,'',0,5500,,'',0,1500,,'',0,1500,,'',0,1500,,'',0,5500,,'',0,2000,,'',0,2000,,'',0,6000,,'',0,2000,,'',0,2000,,'',0,6000,,'',0,2000,,'',0,2000,,'',0,6000,,'',0,2000,,'',0
'1merged1842992',506201,45700,4,'',0,6000,4,'',0,2200,4,'',0,2000,4,'',0,5500,4,'',0,2800,4,'',0,1500,4,'',0,5500,4,'',0,1500,4,'',0,1600,4,'',0,1500,4,'',0,5500,4,'',0,1500,4,'',0,1300,4,'',0,1200,4,'',0,5200,4,'',0,1200,4,'',0,1200,4,'',0,1400,4,'',0,1200,4,'',0,5200,4,'',0,1200,4,'',0,1200,4,'',0,1200,4,'',0,1200,4,'',0,5200,4,'',0,1200,4,'',0,1200,4,'',0,1200,4,'',0,1200,4,'',0,5200,4,'',0,1200,4,'',0,1200,4,'',0,1200,4,'',0,1200,4,'',0,5200,4,'',0,1200,4,'',0,1200,4,'',0,1200,4,'',0,1200,4,'',0,5200,4,'',0,1200,4,'',0,1200,4,'',0,1200,4,'',0,1200,4,'',0,5200,4,'',0,1200,4,'',0,1200,4,'',0,1200,4,'',0,1200,4,'',0,5200,4,'',0,1200,4,'',0,1200,4,'',0,1200,4,'',0,1200,4,'',0,5200,4,'',0,1200,4,'',0,1200,4,'',0,1400,4,'',0,1200,4,'',0,5200,4,'',0,600,4,'',0,600,4,'',0,600,4,'',0,600,4,'',0,600,4,'',0,600,4,'',0,700,4,'',0,4800,4,'',0,300,4,'',0,800,4,'',0,700,4,'',0,800,4,'',0,700,4,'',0,1500,4,'',0,5500,4,'',0,1500,4,'',0,1500,4,'',0,1500,4,'',0,5500,4,'',0,1500,4,'',0,1500,4,'',0,1500,4,'',0,6000,4,'',0,2200,4,'',0,2000,4,'',0,6000,4,'',0,2000,4,'',0,2000,4,'',0,6500,4,'',0,1500,4,'',0,2000,4,'',0,6600,4,'',0,2000,4,'',0,7600,4,'',0
'2101merged1843004',506200,192300,,'',0,1500,,'',0,1500,,'',0,5500,,'',0,1500,,'',0,1500,,'',0,1500,,'',0,5500,,'',0,1500,,'',0,1500,,'',0,1500,,'',0,5700,,'',0,2000,,'',0,2000,,'',0,6000,,'',0,2000,,'',0
'2101merged1843004',506201,194100,4,'',0,1500,4,'',0,5500,4,'',0,1500,4,'',0,1500,4,'',0,1500,4,'',0,5500,4,'',0,1500,4,'',0,1500,4,'',0,1700,4,'',0,5700,4,'',0,2500,4,'',0,6000,4,'',0,2000,4,'',0,2000,4,'',0,6000,4,'',0
'2103merged1843003',506200,183100,,'',0,2000,,'',0,6000,,'',0,2000,,'',0,2000,,'',0,6000,,'',0,2000,,'',0,2000,,'',0,5900,,'',0,2000,,'',0,2000,,'',0,6000,,'',0,2000,,'',0,2000,,'',0,6000,,'',0,2000,,'',0
'2103merged1843003',506201,191100,4,'',0,1500,4,'',0,2000,4,'',0,6000,4,'',0,2000,4,'',0,2000,4,'',0,6000,4,'',0,2000,4,'',0,2000,4,'',0,6000,4,'',0,2000,4,'',0,2000,4,'',0,6000,4,'',0,2000,4,'',0,2000,4,'',0,6000,4,'',0
'2105',506200,183100,,'',0,2000,,'',0,6000,,'',0,2000,,'',0,2000,,'',0,6000,,'',0,2000,,'',0,2000,,'',0,5900,,'',0,2000,,'',0,2000,,'',0,6000,,'',0,2000,,'',0,2000,,'',0,6000,,'',0,2000,,'',0
'2105',506201,191100,4,'',0,1500,4,'',0,2000,4,'',0,6000,4,'',0,2000,4,'',0,2000,4,'',0,6000,4,'',0,2000,4,'',0,2000,4,'',0,6000,4,'',0,2000,4,'',0,2000,4,'',0,6000,4,'',0,2000,4,'',0,2000,4,'',0,6000,4,'',0
'2107merged1843005',506200,183100,,'',0,2000,,'',0,6000,,'',0,2000,,'',0,2000,,'',0,6000,,'',0,2000,,'',0,2000,,'',0,5900,,'',0,2000,,'',0,2000,,'',0
'2107merged1843005',506201,191000,4,'',0,1500,4,'',0,2000,4,'',0,6000,4,'',0,2000,4,'',0,2000,4,'',0,6000,4,'',0,2000,4,'',0,2000,4,'',0,6000,4,'',0
'2merged1842994',506200,50000,,'',0,2000,,'',0,2000,,'',0,6000,,'',0,2000,,'',0,2000,,'',0,6000,,'',0,1500,,'',0,1500,,'',0,1500,,'',0,5500,,'',0,1500,,'',0,1500,,'',0,1500,,'',0,5500,,'',0,1500,,'',0,1500,,'',0,1500,,'',0,5500,,'',0,1500,,'',0,1500,,'',0,1500,,'',0,5500,,'',0,1500,,'',0,1500,,'',0,1500,,'',0,5500,,'',0,1500,,'',0,1500,,'',0,1500,,'',0,5500,,'',0,1500,,'',0,1500,,'',0,1500,,'',0,5500,,'',0,1500,,'',0,1500,,'',0,1500,,'',0,5500,,'',0,1500,,'',0,1500,,'',0,1500,,'',0,5500,,'',0,1500,,'',0,1500,,'',0,1500,,'',0,5500,,'',0,1500,,'',0,1500,,'',0,1500,,'',0,5500,,'',0,1500,,'',0,1500,,'',0,1500,,'',0,5500,,'',0,1500,,'',0,1500,,'',0,1500,,'',0,5500,,'',0,2000,,'',0,2000,,'',0,6000,,'',0,2000,,'',0,2000,,'',0,6000,,'',0,2000,,'',0,2000,,'',0,6000,,'',0,2000,,'',0,2000,,'',0,6000,,'',0,2000,,'',0,2000,,'',0,6000,,'',0,2000,,'',0
'2merged1842994',506201,53700,4,'',0,2000,4,'',0,6000,4,'',0,2000,4,'',0,2000,4,'',0,6000,4,'',0,2000,4,'',0,2000,4,'',0,5900,4,'',0,1500,4,'',0,2200,4,'',0,5500,4,'',0,1500,4,'',0,1500,4,'',0,1500,4,'',0,5500,4,'',0,1500,4,'',0,1500,4,'',0,1500,4,'',0,5500,4,'',0,1500,4,'',0,1500,4,'',0,1500,4,'',0,5500,4,'',0,1500,4,'',0,1500,4,'',0,1500,4,'',0,5500,4,'',0,1500,4,'',0,1500,4,'',0,1500,4,'',0,5500,4,'',0,1500,4,'',0,1500,4,'',0,1500,4,'',0,5500,4,'',0,1500,4,'',0,1500,4,'',0,1500,4,'',0,5500,4,'',0,1500,4,'',0,1500,4,'',0,1500,4,'',0,5500,4,'',0,1500,4,'',0,1500,4,'',0,1500,4,'',0,5500,4,'',0,1500,4,'',0,1500,4,'',0,1500,4,'',0,5500,4,'',0,1500,4,'',0,1500,4,'',0,1700,4,'',0,6000,4,'',0,2000,4,'',0,2000,4,'',0,6000,4,'',0,2000,4,'',0,2000,4,'',0,5500,4,'',0,2500,4,'',0,1500,4,'',0,6000,4,'',0,2000,4,'',0,2000,4,'',0,6000,4,'',0,2000,4,'',0,2000,4,'',0,6000,4,'',0,3600,4,'',0,8000,4,'',0
'3merged1842993',506200,50000,,'',0,3000,,'',0,7000,,'',0,3000,,'',0,7000,,'',0,2000,,'',0,2000,,'',0,6000,,'',0,2000,,'',0,2000,,'',0,6000,,'',0,2000,,'',0,2000,,'',0,6000,,'',0,2000,,'',0,2000,,'',0,6000,,'',0,1500,,'',0,1500,,'',0,1500,,'',0,5500,,'',0,1500,,'',0,1500,,'',0,1500,,'',0,5500,,'',0,1500,,'',0,1500,,'',0,1500,,'',0,5500,,'',0,1500,,'',0,1500,,'',0,1500,,'',0,5500,,'',0,1500,,'',0,1500,,'',0,1500,,'',0,5500,,'',0,1500,,'',0,1500,,'',0,1500,,'',0,5500,,'',0,1500,,'',0,1500,,'',0,1500,,'',0,5500,,'',0,2000,,'',0,2000,,'',0,6000,,'',0,2000,,'',0,2000,,'',0,6000,,'',0,2000,,'',0,2000,,'',0,6000,,'',0,2000,,'',0,2000,,'',0,6000,,'',0,2000,,'',0,2000,,'',0,6000,,'',0,2000,,'',0,2000,,'',0,6000,,'',0
'3merged1842993',506201,54600,4,'',0,7000,4,'',0,3000,4,'',0,7000,4,'',0,2000,4,'',0,2000,4,'',0,6000,4,'',0,2000,4,'',0,2000,4,'',0,6000,4,'',0,2000,4,'',0,2000,4,'',0,6000,4,'',0,2700,4,'',0,6000,4,'',0,2000,4,'',0,1800,4,'',0,1500,4,'',0,5500,4,'',0,1500,4,'',0,1500,4,'',0,1500,4,'',0,5500,4,'',0,1500,4,'',0,1500,4,'',0,1500,4,'',0,5500,4,'',0,1500,4,'',0,1500,4,'',0,1500,4,'',0,5500,4,'',0,1500,4,'',0,1500,4,'',0,1500,4,'',0,5500,4,'',0,1500,4,'',0,1500,4,'',0,1500,4,'',0,5500,4,'',0,1500,4,'',0,1500,4,'',0,1500,4,'',0,5500,4,'',0,1500,4,'',0,1500,4,'',0,1500,4,'',0,6000,4,'',0,1600,4,'',0,2000,4,'',0,6000,4,'',0,2000,4,'',0,2000,4,'',0,6000,4,'',0,2000,4,'',0,2000,4,'',0,6000,4,'',0,1900,4,'',0,2000,4,'',0,6000,4,'',0,2000,4,'',0,2000,4,'',0,6000,4,'',0,2000,4,'',0,7900,4,'',0
'5',506200,50000,,'',0,3000,,'',0,7000,,'',0,3000,,'',0,7000,,'',0,2000,,'',0,2000,,'',0,6000,,'',0,2000,,'',0,2000,,'',0,6000,,'',0,2000,,'',0,2000,,'',0,6000,,'',0,2000,,'',0,2000,,'',0,6000,,'',0,1500,,'',0,1500,,'',0,1500,,'',0,5500,,'',0,1500,,'',0,1500,,'',0,1500,,'',0,5500,,'',0,1500,,'',0,1500,,'',0,1500,,'',0,5500,,'',0,1500,,'',0,1500,,'',0,1500,,'',0,5500,,'',0,1500,,'',0,1500,,'',0,1500,,'',0,5500,,'',0,1500,,'',0,1500,,'',0,1500,,'',0,5500,,'',0,1500,,'',0,1500,,'',0,1500,,'',0,5500,,'',0,2000,,'',0,2000,,'',0,6000,,'',0,2000,,'',0,2000,,'',0,6000,,'',0,2000,,'',0,2000,,'',0,6000,,'',0,2000,,'',0,2000,,'',0,6000,,'',0,2000,,'',0,2000,,'',0,6000,,'',0,2000,,'',0,2000,,'',0,6000,,'',0,3000,,'',0,7000,,'',0
'5',506201,54600,4,'',0,7000,4,'',0,3000,4,'',0,7000,4,'',0,2000,4,'',0,2000,4,'',0,6000,4,'',0,2000,4,'',0,2000,4,'',0,6000,4,'',0,2000,4,'',0,2000,4,'',0,6000,4,'',0,2700,4,'',0,6000,4,'',0,2000,4,'',0,1800,4,'',0,1500,4,'',0,5500,4,'',0,1500,4,'',0,1500,4,'',0,1500,4,'',0,5500,4,'',0,1500,4,'',0,1500,4,'',0,1500,4,'',0,5500,4,'',0,1500,4,'',0,1500,4,'',0,1500,4,'',0,5500,4,'',0,1500,4,'',0,1500,4,'',0,1500,4,'',0,5500,4,'',0,1500,4,'',0,1500,4,'',0,1500,4,'',0,5500,4,'',0,1500,4,'',0,1500,4,'',0,1500,4,'',0,5500,4,'',0,1500,4,'',0,1500,4,'',0,1500,4,'',0,6000,4,'',0,1600,4,'',0,2000,4,'',0,6000,4,'',0,2000,4,'',0,2000,4,'',0,6000,4,'',0,2000,4,'',0,2000,4,'',0,6000,4,'',0,1900,4,'',0,2000,4,'',0,6000,4,'',0,2000,4,'',0,2000,4,'',0,6000,4,'',0,2000,4,'',0,2000,4,'',0,5900,4,'',0
'7merged1842995',506200,50000,,'',0,3000,,'',0,7000,,'',0,3000,,'',0,7000,,'',0,2000,,'',0,2000,,'',0,6000,,'',0,2000,,'',0,2000,,'',0,6000,,'',0,2000,,'',0,2000,,'',0,6000,,'',0,2000,,'',0,2000,,'',0,6000,,'',0,1500,,'',0,1500,,'',0,1500,,'',0,5500,,'',0,1500,,'',0,1500,,'',0,1500,,'',0,5500,,'',0,1500,,'',0,1500,,'',0,1500,,'',0,5500,,'',0,1500,,'',0,1500,,'',0,1500,,'',0,5500,,'',0,1500,,'',0,1500,,'',0,1500,,'',0,5500,,'',0,1500,,'',0,1500,,'',0,1500,,'',0,5500,,'',0,1500,,'',0,1500,,'',0,1500,,'',0,5500,,'',0,2000,,'',0,2000,,'',0,6000,,'',0,2000,,'',0,2000,,'',0,6000,,'',0,2000,,'',0,2000,,'',0,6000,,'',0,2000,,'',0,2000,,'',0,6000,,'',0
'7merged1842995',506201,54600,4,'',0,7000,4,'',0,3000,4,'',0,7000,4,'',0,2000,4,'',0,2000,4,'',0,6000,4,'',0,2000,4,'',0,2000,4,'',0,6000,4,'',0,2000,4,'',0,2000,4,'',0,6000,4,'',0,2700,4,'',0,6000,4,'',0,2000,4,'',0,1800,4,'',0,1500,4,'',0,5500,4,'',0,1500,4,'',0,1500,4,'',0,1500,4,'',0,5500,4,'',0,1500,4,'',0,1500,4,'',0,1500,4,'',0,5500,4,'',0,1500,4,'',0,1500,4,'',0,1500,4,'',0,5500,4,'',0,1500,4,'',0,1500,4,'',0,1500,4,'',0,5500,4,'',0,1500,4,'',0,1500,4,'',0,1500,4,'',0,5500,4,'',0,1500,4,'',0,1500,4,'',0,1500,4,'',0,5500,4,'',0,1500,4,'',0,1500,4,'',0,1500,4,'',0,6000,4,'',0,1600,4,'',0,2000,4,'',0,6000,4,'',0,2000,4,'',0,2000,4,'',0,6000,4,'',0,2000,4,'',0,2000,4,'',0,6000,4,'',0,2500,4,'',0
'1merged1842992',506300,43000,,'',0,1500,,'',0,5500,,'',0,1000,,'',0,1000,,'',0,1000,,'',0,1000,,'',0,1000,,'',0,5000,,'',0,1000,,'',0,1000,,'',0,1000,,'',0,1000,,'',0,1000,,'',0,5000,,'',0,800,,'',0,700,,'',0,800,,'',0,700,,'',0,800,,'',0,700,,'',0,800,,'',0,4700,,'',0,800,,'',0,700,,'',0,800,,'',0,700,,'',0,800,,'',0,700,,'',0,800,,'',0,4700,,'',0,800,,'',0,700,,'',0,800,,'',0,700,,'',0,800,,'',0,700,,'',0,800,,'',0,4700,,'',0,800,,'',0,700,,'',0,800,,'',0,700,,'',0,800,,'',0,700,,'',0,800,,'',0,4700,,'',0,600,,'',0,600,,'',0,600,,'',0,600,,'',0,600,,'',0,600,,'',0,600,,'',0,600,,'',0,600,,'',0,4600,,'',0,600,,'',0,600,,'',0,600,,'',0,600,,'',0,600,,'',0,600,,'',0,600,,'',0,600,,'',0,600,,'',0,4600,,'',0,600,,'',0,600,,'',0,600,,'',0,600,,'',0,600,,'',0,600,,'',0,600,,'',0,600,,'',0,600,,'',0,4600,,'',0,600,,'',0,600,,'',0,600,,'',0,600,,'',0,600,,'',0,600,,'',0,600,,'',0,600,,'',0,600,,'',0,4600,,'',0,600,,'',0,600,,'',0,600,,'',0,600,,'',0,600,,'',0,600,,'',0,600,,'',0,600,,'',0,600,,'',0,4600,,'',0,600,,'',0,600,,'',0,600,,'',0,600,,'',0,600,,'',0,600,,'',0,600,,'',0,600,,'',0,600,,'',0,4600,,'',0,600,,'',0,600,,'',0,600,,'',0,600,,'',0,600,,'',0,600,,'',0,600,,'',0,600,,'',0,600,,'',0,4600,,'',0,700,,'',0,800,,'',0,700,,'',0,800,,'',0,700,,'',0,800,,'',0,700,,'',0,4800,,'',0,1500,,'',0,1500,,'',0,1500,,'',0,5500,,'',0,1500,,'',0,1500,,'',0,1500,,'',0,5500,,'',0,1500,,'',0,1500,,'',0,1500,,'',0,5500,,'',0,2000,,'',0,2000,,'',0,6000,,'',0,2000,,'',0,2000,,'',0,6000,,'',0,2000,,'',0,2000,,'',0,6000,,'',0,2000,,'',0
'1merged1842992',506301,51200,4,'',0,1500,4,'',0,1500,4,'',0,1000,4,'',0,5000,4,'',0,1000,4,'',0,1000,4,'',0,1000,4,'',0,1000,4,'',0,1000,4,'',0,5000,4,'',0,1000,4,'',0,1000,4,'',0,1000,4,'',0,1300,4,'',0,800,4,'',0,4700,4,'',0,800,4,'',0,700,4,'',0,800,4,'',0,700,4,'',0,800,4,'',0,700,4,'',0,800,4,'',0,4700,4,'',0,800,4,'',0,700,4,'',0,800,4,'',0,700,4,'',0,800,4,'',0,700,4,'',0,800,4,'',0,4700,4,'',0,800,4,'',0,700,4,'',0,800,4,'',0,700,4,'',0,800,4,'',0,1100,4,'',0,800,4,'',0,4700,4,'',0,800,4,'',0,700,4,'',0,800,4,'',0,700,4,'',0,800,4,'',0,700,4,'',0,600,4,'',0,4600,4,'',0,600,4,'',0,600,4,'',0,600,4,'',0,600,4,'',0,600,4,'',0,600,4,'',0,600,4,'',0,600,4,'',0,600,4,'',0,4600,4,'',0,600,4,'',0,600,4,'',0,600,4,'',0,600,4,'',0,600,4,'',0,600,4,'',0,600,4,'',0,600,4,'',0,600,4,'',0,4600,4,'',0,600,4,'',0,600,4,'',0,600,4,'',0,600,4,'',0,600,4,'',0,600,4,'',0,600,4,'',0,800,4,'',0,600,4,'',0,4600,4,'',0,600,4,'',0,600,4,'',0,600,4,'',0,600,4,'',0,600,4,'',0,600,4,'',0,600,4,'',0,600,4,'',0,600,4,'',0,4600,4,'',0,600,4,'',0,600,4,'',0,600,4,'',0,600,4,'',0,600,4,'',0,600,4,'',0,600,4,'',0,600,4,'',0,600,4,'',0,4600,4,'',0,600,4,'',0,600,4,'',0,600,4,'',0,600,4,'',0,600,4,'',0,600,4,'',0,600,4,'',0,600,4,'',0,600,4,'',0,4600,4,'',0,600,4,'',0,600,4,'',0,600,4,'',0,600,4,'',0,600,4,'',0,600,4,'',0,600,4,'',0,600,4,'',0,700,4,'',0,4800,4,'',0,700,4,'',0,800,4,'',0,700,4,'',0,800,4,'',0,1000,4,'',0,900,4,'',0,5500,4,'',0,1500,4,'',0,1500,4,'',0,1500,4,'',0,5500,4,'',0,1500,4,'',0,1500,4,'',0,1500,4,'',0,5500,4,'',0,1500,4,'',0,1500,4,'',0,1200,4,'',0,6000,4,'',0,2000,4,'',0,2000,4,'',0,6200,4,'',0,1800,4,'',0,2000,4,'',0,6200,4,'',0,1800,4,'',0,2200,4,'',0,5800,4,'',0
'2merged1842994',506300,50000,,'',0,1500,,'',0,1500,,'',0,1500,,'',0,5500,,'',0,1500,,'',0,1500,,'',0,1500,,'',0,5500,,'',0,1000,,'',0,1000,,'',0,1000,,'',0,1000,,'',0,1000,,'',0,5000,,'',0,800,,'',0,800,,'',0,800,,'',0,800,,'',0,800,,'',0,800,,'',0,800,,'',0,4800,,'',0,800,,'',0,800,,'',0,800,,'',0,800,,'',0,800,,'',0,800,,'',0,4800,,'',0,800,,'',0,800,,'',0,800,,'',0,800,,'',0,800,,'',0,800,,'',0,800,,'',0,4800,,'',0,800,,'',0,800,,'',0,800,,'',0,800,,'',0,800,,'',0,800,,'',0,4800,,'',0,800,,'',0,800,,'',0,800,,'',0,800,,'',0,800,,'',0,800,,'',0,800,,'',0,4800,,'',0,800,,'',0,800,,'',0,800,,'',0,800,,'',0,800,,'',0,800,,'',0,4800,,'',0,800,,'',0,800,,'',0,800,,'',0,800,,'',0,800,,'',0,800,,'',0,800,,'',0,4800,,'',0,800,,'',0,800,,'',0,800,,'',0,800,,'',0,800,,'',0,800,,'',0,4800,,'',0,800,,'',0,800,,'',0,800,,'',0,800,,'',0,800,,'',0,800,,'',0,800,,'',0,4800,,'',0,800,,'',0,800,,'',0,800,,'',0,800,,'',0,800,,'',0,800,,'',0,4800,,'',0,1000,,'',0,1000,,'',0,1000,,'',0,1000,,'',0,1000,,'',0,5000,,'',0,1500,,'',0,1500,,'',0,1500,,'',0,5500,,'',0,1500,,'',0,1500,,'',0,1500,,'',0,5500,,'',0,2000,,'',0,2000,,'',0,6000,,'',0,2000,,'',0,2000,,'',0,6000,,'',0,2000,,'',0,2000,,'',0,6000,,'',0,2000,,'',0,2000,,'',0,6000,,'',0,2000,,'',0
'2merged1842994',506301,53800,4,'',0,1500,4,'',0,5500,4,'',0,1500,4,'',0,1500,4,'',0,1500,4,'',0,5500,4,'',0,1500,4,'',0,1500,4,'',0,1000,4,'',0,1000,4,'',0,5000,4,'',0,1000,4,'',0,1000,4,'',0,1000,4,'',0,800,4,'',0,800,4,'',0,4800,4,'',0,1300,4,'',0,800,4,'',0,800,4,'',0,800,4,'',0,800,4,'',0,800,4,'',0,4800,4,'',0,800,4,'',0,800,4,'',0,800,4,'',0,800,4,'',0,800,4,'',0,800,4,'',0,800,4,'',0,4800,4,'',0,800,4,'',0,800,4,'',0,800,4,'',0,800,4,'',0,800,4,'',0,800,4,'',0,4800,4,'',0,800,4,'',0,800,4,'',0,800,4,'',0,800,4,'',0,1000,4,'',0,800,4,'',0,4800,4,'',0,800,4,'',0,800,4,'',0,800,4,'',0,800,4,'',0,800,4,'',0,800,4,'',0,800,4,'',0,4800,4,'',0,800,4,'',0,800,4,'',0,800,4,'',0,800,4,'',0,800,4,'',0,800,4,'',0,4800,4,'',0,800,4,'',0,800,4,'',0,800,4,'',0,800,4,'',0,800,4,'',0,800,4,'',0,800,4,'',0,4800,4,'',0,800,4,'',0,800,4,'',0,800,4,'',0,800,4,'',0,800,4,'',0,800,4,'',0,4800,4,'',0,800,4,'',0,800,4,'',0,800,4,'',0,800,4,'',0,800,4,'',0,800,4,'',0,800,4,'',0,4800,4,'',0,800,4,'',0,800,4,'',0,800,4,'',0,800,4,'',0,400,4,'',0,1000,4,'',0,5000,4,'',0,1000,4,'',0,1000,4,'',0,1000,4,'',0,1000,4,'',0,1500,4,'',0,5500,4,'',0,1500,4,'',0,1500,4,'',0,1500,4,'',0,5500,4,'',0,1500,4,'',0,1500,4,'',0,6000,4,'',0,1800,4,'',0,2000,4,'',0,2000,4,'',0,6000,4,'',0,2000,4,'',0,2000,4,'',0,6000,4,'',0,2000,4,'',0,2000,4,'',0,6000,4,'',0,2000,4,'',0,2000,4,'',0
'3merged1842993',506300,50000,,'',0,3000,,'',0,7000,,'',0,3000,,'',0,7000,,'',0,3000,,'',0,7000,,'',0,3000,,'',0,7000,,'',0,3000,,'',0,7000,,'',0,1000,,'',0,1000,,'',0,1000,,'',0,1000,,'',0,1000,,'',0,5000,,'',0,1000,,'',0,1000,,'',0,1000,,'',0,1000,,'',0,1000,,'',0,5000,,'',0,1000,,'',0,1000,,'',0,1000,,'',0,1000,,'',0,1000,,'',0,5000,,'',0,1000,,'',0,1000,,'',0,1000,,'',0,1000,,'',0,1000,,'',0,5000,,'',0,1000,,'',0,1000,,'',0,1000,,'',0,1000,,'',0,1000,,'',0,5000,,'',0,1000,,'',0,1000,,'',0,1000,,'',0,1000,,'',0,1000,,'',0,5000,,'',0,1000,,'',0,1000,,'',0,1000,,'',0,1000,,'',0,1000,,'',0,5000,,'',0,1000,,'',0,1000,,'',0,1000,,'',0,1000,,'',0,1000,,'',0,5000,,'',0,1000,,'',0,1000,,'',0,1000,,'',0,1000,,'',0,6000,,'',0,2000,,'',0,2000,,'',0,6000,,'',0,2000,,'',0,2000,,'',0,6000,,'',0,2000,,'',0,2000,,'',0,6000,,'',0,2000,,'',0,2000,,'',0,6000,,'',0,2000,,'',0,2000,,'',0,6000,,'',0
'3merged1842993',506301,55100,4,'',0,7000,4,'',0,3000,4,'',0,7000,4,'',0,3000,4,'',0,7000,4,'',0,3000,4,'',0,7000,4,'',0,3000,4,'',0,7000,4,'',0,7900,4,'',0,3000,4,'',0,1500,4,'',0,1000,4,'',0,5000,4,'',0,1000,4,'',0,1000,4,'',0,1000,4,'',0,1000,4,'',0,1000,4,'',0,5000,4,'',0,1000,4,'',0,1000,4,'',0,1000,4,'',0,1000,4,'',0,1000,4,'',0,5000,4,'',0,1000,4,'',0,1000,4,'',0,1000,4,'',0,1000,4,'',0,1000,4,'',0,5000,4,'',0,1000,4,'',0,1000,4,'',0,1000,4,'',0,1000,4,'',0,1000,4,'',0,5000,4,'',0,1000,4,'',0,1000,4,'',0,1000,4,'',0,1000,4,'',0,1000,4,'',0,5000,4,'',0,1000,4,'',0,1000,4,'',0,1000,4,'',0,1000,4,'',0,1000,4,'',0,5000,4,'',0,1000,4,'',0,1000,4,'',0,1000,4,'',0,1000,4,'',0,1000,4,'',0,5000,4,'',0,1000,4,'',0,1000,4,'',0,1000,4,'',0,400,4,'',0,1500,4,'',0,6000,4,'',0,2000,4,'',0,2000,4,'',0,6000,4,'',0,2000,4,'',0,2000,4,'',0,6000,4,'',0,2000,4,'',0,1800,4,'',0,6000,4,'',0,2000,4,'',0,2000,4,'',0,6000,4,'',0,2000,4,'',0,2000,4,'',0
'5',506300,50000,,'',0,3000,,'',0,7000,,'',0,3000,,'',0,7000,,'',0,3000,,'',0,7000,,'',0,3000,,'',0,7000,,'',0,3000,,'',0,7000,,'',0,1000,,'',0,1000,,'',0,1000,,'',0,1000,,'',0,1000,,'',0,5000,,'',0,1000,,'',0,1000,,'',0,1000,,'',0,1000,,'',0,1000,,'',0,5000,,'',0,1000,,'',0,1000,,'',0,1000,,'',0,1000,,'',0,1000,,'',0,5000,,'',0,1000,,'',0,1000,,'',0,1000,,'',0,1000,,'',0,1000,,'',0,5000,,'',0,1000,,'',0,1000,,'',0,1000,,'',0,1000,,'',0,1000,,'',0,5000,,'',0,1000,,'',0,1000,,'',0,1000,,'',0,1000,,'',0,1000,,'',0,5000,,'',0,1000,,'',0,1000,,'',0,1000,,'',0,1000,,'',0,1000,,'',0,5000,,'',0,1000,,'',0,1000,,'',0,1000,,'',0,1000,,'',0,1000,,'',0,5000,,'',0,1000,,'',0,1000,,'',0,1000,,'',0,1000,,'',0,6000,,'',0,2000,,'',0,2000,,'',0,6000,,'',0,2000,,'',0,2000,,'',0,6000,,'',0,2000,,'',0,2000,,'',0,6000,,'',0,2000,,'',0,2000,,'',0,6000,,'',0,2000,,'',0,2000,,'',0,6000,,'',0,3000,,'',0,7000,,'',0
'5',506301,55100,4,'',0,7000,4,'',0,3000,4,'',0,7000,4,'',0,3000,4,'',0,7000,4,'',0,3000,4,'',0,7000,4,'',0,3000,4,'',0,7000,4,'',0,7900,4,'',0,3000,4,'',0,1500,4,'',0,1000,4,'',0,5000,4,'',0,1000,4,'',0,1000,4,'',0,1000,4,'',0,1000,4,'',0,1000,4,'',0,5000,4,'',0,1000,4,'',0,1000,4,'',0,1000,4,'',0,1000,4,'',0,1000,4,'',0,5000,4,'',0,1000,4,'',0,1000,4,'',0,1000,4,'',0,1000,4,'',0,1000,4,'',0,5000,4,'',0,1000,4,'',0,1000,4,'',0,1000,4,'',0,1000,4,'',0,1000,4,'',0,5000,4,'',0,1000,4,'',0,1000,4,'',0,1000,4,'',0,1000,4,'',0,1000,4,'',0,5000,4,'',0,1000,4,'',0,1000,4,'',0,1000,4,'',0,1000,4,'',0,1000,4,'',0,5000,4,'',0,1000,4,'',0,1000,4,'',0,1000,4,'',0,1000,4,'',0,1000,4,'',0,5000,4,'',0,1000,4,'',0,1000,4,'',0,1000,4,'',0,400,4,'',0,1500,4,'',0,6000,4,'',0,2000,4,'',0,2000,4,'',0,6000,4,'',0,2000,4,'',0,2000,4,'',0,6000,4,'',0,2000,4,'',0,1800,4,'',0,6000,4,'',0,2000,4,'',0,2000,4,'',0,6000,4,'',0,2000,4,'',0,2000,4,'',0,6000,4,'',0
'7merged1842995',506300,50000,,'',0,3000,,'',0,7000,,'',0,3000,,'',0,7000,,'',0,3000,,'',0,7000,,'',0,3000,,'',0,7000,,'',0,3000,,'',0,7000,,'',0,1000,,'',0,1000,,'',0,1000,,'',0,1000,,'',0,1000,,'',0,5000,,'',0,1000,,'',0,1000,,'',0,1000,,'',0,1000,,'',0,1000,,'',0,5000,,'',0,1000,,'',0,1000,,'',0,1000,,'',0,1000,,'',0,1000,,'',0,5000,,'',0,1000,,'',0,1000,,'',0,1000,,'',0,1000,,'',0,1000,,'',0,5000,,'',0,1000,,'',0,1000,,'',0,1000,,'',0,1000,,'',0,1000,,'',0,5000,,'',0,1000,,'',0,1000,,'',0,1000,,'',0,1000,,'',0,1000,,'',0,5000,,'',0,1000,,'',0,1000,,'',0,1000,,'',0,1000,,'',0,1000,,'',0,5000,,'',0,1000,,'',0,1000,,'',0,1000,,'',0,1000,,'',0,1000,,'',0,5000,,'',0,1000,,'',0,1000,,'',0,1000,,'',0,1000,,'',0,6000,,'',0,2000,,'',0,2000,,'',0,6000,,'',0,2000,,'',0,2000,,'',0,6000,,'',0,2000,,'',0,2000,,'',0,6000,,'',0
'7merged1842995',506301,55100,4,'',0,7000,4,'',0,3000,4,'',0,7000,4,'',0,3000,4,'',0,7000,4,'',0,3000,4,'',0,7000,4,'',0,3000,4,'',0,7000,4,'',0,7900,4,'',0,3000,4,'',0,1500,4,'',0,1000,4,'',0,5000,4,'',0,1000,4,'',0,1000,4,'',0,1000,4,'',0,1000,4,'',0,1000,4,'',0,5000,4,'',0,1000,4,'',0,1000,4,'',0,1000,4,'',0,1000,4,'',0,1000,4,'',0,5000,4,'',0,1000,4,'',0,1000,4,'',0,1000,4,'',0,1000,4,'',0,1000,4,'',0,5000,4,'',0,1000,4,'',0,1000,4,'',0,1000,4,'',0,1000,4,'',0,1000,4,'',0,5000,4,'',0,1000,4,'',0,1000,4,'',0,1000,4,'',0,1000,4,'',0,1000,4,'',0,5000,4,'',0,1000,4,'',0,1000,4,'',0,1000,4,'',0,1000,4,'',0,1000,4,'',0,5000,4,'',0,1000,4,'',0,1000,4,'',0,1000,4,'',0,1000,4,'',0,1000,4,'',0,5000,4,'',0,1000,4,'',0,1000,4,'',0,1000,4,'',0,400,4,'',0,1500,4,'',0,6000,4,'',0,2000,4,'',0,2000,4,'',0,6000,4,'',0,2000,4,'',0,2000,4,'',0,6000,4,'',0,2000,4,'',0
