566601,'1601',900,,16629,60,4,,0
566601,'1',450,,16691,50,,,0,68,,16690,50,,,0,36,,16689,50,,,0,55,,16688,50,,,0,10,,16686,50,,,0,2,,16687,85,,,0,28,,16684,50,,,0,2,,16685,85,,,0,64,,16683,85,,,0,4,,16682,50,,,0,18,,16681,85,,,0,19,,16680,85,,,0,55,,16679,85,,,0,15,,16678,85,,,0,15,,16677,85,,,0,15,,16676,85,,,0,55,,16675,85,,,0,15,,16674,85,,,0,15,,16673,85,,,0,15,,16672,85,,,0,55,,16671,85,,,0,25,,16670,85,,,0,67,,16669,85,,,0,30,,16668,85,,,0,70,,16667,85,,,0,30,,16666,85,,,0,70,,16665,85,,,0,30,,16664,85,,,0,20,,16663,50,,,0,50,,16662,85,,,0,20,,16661,50,,,0,10,,16660,85,,,0,68,,16659,85,,,0,15,,16658,85,,,0,15,,16657,85,,,0,15,,16656,85,,,0,55,,16655,85,,,0,15,,16654,85,,,0,15,,16653,85,,,0,15,,16652,85,,,0,55,,16651,85,,,0,15,,16650,85,,,0,15,,16649,85,,,0,15,,16648,85,,,0,55,,16647,85,,,0,15,,16646,85,,,0,15,,16645,85,,,0,15,,16644,85,,,0,60,,16643,85,,,0,30,,16642,85,,,0,68,,16641,85,,,0,30,,16640,85,,,0,70,,16639,85,,,0,30,,16638,85,,,0,70,,16637,85,,,0,30,,16636,85,,,0,70,,16635,85,,,0,30,,16634,85,,,0,70,,16631,85,,,0,30,,16633,85,,,0,70,,16630,85,,,0,30,,16632,85,,,0
566601,'2',608,,16731,85,,,0,30,,16692,85,,,0,70,,16693,85,,,0,30,,16694,85,,,0,65,,16706,85,,,0,30,,16695,85,,,0,70,,16707,85,,,0,30,,16696,85,,,0,70,,16708,85,,,0,30,,16697,85,,,0,75,,16709,85,,,0,30,,16698,85,,,0,70,,16710,85,,,0,30,,16711,85,,,0,70,,16712,85,,,0,30,,16713,85,,,0,70,,16714,85,,,0,30,,16715,85,,,0,70,,16716,85,,,0,30,,16699,85,,,0,70,,16717,85,,,0,30,,16700,85,,,0,70,,16718,85,,,0,30,,16701,85,,,0,70,,16719,85,,,0,30,,16720,85,,,0,70,,16721,85,,,0,30,,16702,85,,,0,65,,16722,85,,,0,30,,16723,85,,,0,70,,16724,85,,,0,30,,16725,85,,,0,70,,16726,85,,,0,30,,16727,85,,,0,70,,16728,85,,,0,30,,16703,85,,,0,70,,16704,85,,,0,30,,16729,85,,,0,70,,16705,85,,,0,45,,16730,85,,,0
566601,'3',629,,16733,50,,,0,30,,16734,50,,,0,70,,16769,85,,,0,30,,16735,85,,,0,76,,16752,85,,,0,24,,16736,85,,,0,76,,16753,85,,,0,70,,16737,85,,,0,30,,16754,85,,,0,71,,16738,85,,,0,30,,16755,85,,,0,70,,16739,85,,,0,30,,16756,85,,,0,70,,16740,85,,,0,30,,16757,85,,,0,70,,16741,85,,,0,30,,16758,85,,,0,70,,16742,85,,,0,30,,16759,85,,,0,70,,16743,85,,,0,30,,16760,85,,,0,70,,16744,85,,,0,30,,16761,85,,,0,70,,16745,85,,,0,30,,16762,85,,,0,69,,16746,85,,,0,30,,16763,85,,,0,70,,16747,85,,,0,30,,16764,85,,,0,70,,16748,85,,,0,30,,16765,85,,,0,70,,16749,85,,,0,30,,16766,85,,,0,70,,16750,85,,,0,30,,16767,85,,,0,70,,16751,85,,,0,30,,16768,85,,,0
567000,'14701',1000,,16949,1,,,0,100,,16950,1,,,0,100,,16951,1,,,0,100,,16952,1,,,0,100,,16953,1,,,0,100,,16954,1,,,0,100,,16955,1,,,0,100,,16956,1,,,0,100,,16957,1,,,0,100,,16958,1,,,0,100,,16959,1,,,0
567000,'14702',1000,,16960,1,,,0,45,,16961,1,,,0,85,,16962,1,,,0,85,,16963,1,,,0,85,,16964,1,,,0,45,,16965,1,,,0,85,,16966,1,,,0,85,,16967,1,,,0,85,,16968,1,,,0,45,,16969,1,,,0,85,,16970,1,,,0
567000,'14703',1000,,16971,1,,,0,45,,16972,1,,,0,85,,16973,1,,,0,85,,16974,1,,,0,85,,16975,1,,,0,45,,16976,1,,,0,85,,16977,1,,,0,85,,16978,1,,,0,85,,16979,1,,,0,45,,16980,1,,,0,85,,16981,1,,,0
567001,'14701',1055,,16982,15,4,,0,100,,16983,15,4,,0,100,,16984,15,4,,0,100,,16985,15,4,,0,100,,16986,15,4,,0,100,,16987,15,4,,0,100,,16988,15,4,,0,100,,16989,15,4,,0,100,,16990,15,4,,0,100,,16991,15,4,,0,100,,16992,15,4,,0
567001,'14702',1039,,16993,14,4,,0,85,,16994,14,4,,0,85,,16995,14,4,,0,45,,16996,14,4,,0,85,,16997,14,4,,0,85,,16998,14,4,,0,85,,16999,14,4,,0,45,,17000,14,4,,0,85,,17001,14,4,,0,85,,17002,14,4,,0,85,,17003,14,4,,0
567001,'14703',1039,,17004,14,4,,0,85,,17005,14,4,,0,85,,17006,14,4,,0,45,,17007,14,4,,0,85,,17008,14,4,,0,85,,17009,14,4,,0,85,,17010,14,4,,0,45,,17011,14,4,,0,85,,17012,14,4,,0,85,,17013,14,4,,0,85,,17014,14,4,,0
