564100,'1',447,,10533,4,,,0,55,,10563,4,,,0,20,,10570,4,,,0,20,,10569,4,,,0,60,,10568,4,,,0,20,,10567,4,,,0,20,,10566,4,,,0,60,,10565,4,,,0,20,,10564,4,,,0,20,,10571,4,,,0,60,,10534,4,,,0,20,,10535,4,,,0,20,,10536,4,,,0,60,,10537,4,,,0,20,,10538,4,,,0,20,,10539,4,,,0,60,,10540,4,,,0,20,,10543,4,,,0,20,,10544,4,,,0,60,,10545,4,,,0,20,,10546,4,,,0,20,,10547,4,,,0,60,,10548,4,,,0,20,,10541,4,,,0,20,,10542,4,,,0,60,,10517,4,,,0,20,,10549,4,,,0,21,,10550,4,,,0,60,,10551,4,,,0,20,,10552,4,,,0,20,,10553,4,,,0,60,,10554,4,,,0,20,,10555,4,,,0,20,,10556,4,,,0,60,,10557,4,,,0,20,,10558,4,,,0,20,,10559,4,,,0,60,,10560,4,,,0,20,,10561,4,,,0,20,,10562,4,,,0,63,,10532,4,,,0,30,,10531,4,,,0,74,,10530,4,,,0,30,,10529,4,,,0,70,,10528,4,,,0,30,,10527,4,,,0,70,,10526,4,,,0,30,,10518,4,,,0,70,,10519,4,,,0,30,,10520,4,,,0,70,,10521,4,,,0,30,,10522,4,,,0,70,,10523,4,,,0,32,,10524,4,,,0,80,,10525,4,,,0
564100,'2',502,,10572,4,,,0,30,,10573,4,,,0,70,,10574,4,,,0,30,,10575,4,,,0,70,,10576,4,,,0,30,,10577,4,,,0,70,,10578,4,,,0,20,,10620,4,,,0,20,,10579,4,,,0,60,,10580,4,,,0,20,,10581,4,,,0,20,,10582,4,,,0,60,,10583,4,,,0,20,,10584,4,,,0,20,,10585,4,,,0,60,,10586,4,,,0,20,,10587,4,,,0,20,,10588,4,,,0,60,,10589,4,,,0,20,,10590,4,,,0,20,,10591,4,,,0,60,,10592,4,,,0,20,,10593,4,,,0,20,,10594,4,,,0,60,,10595,4,,,0,20,,10596,4,,,0,20,,10597,4,,,0,60,,10598,4,,,0,20,,10599,4,,,0,20,,10600,4,,,0,60,,10601,4,,,0,20,,10602,4,,,0,20,,10603,4,,,0,60,,10604,4,,,0,30,,10605,4,,,0,70,,10606,4,,,0,30,,10607,4,,,0,70,,10608,4,,,0,30,,10609,4,,,0,70,,10610,4,,,0,30,,10611,4,,,0,70,,10612,4,,,0,30,,10613,4,,,0,70,,10614,4,,,0,30,,10615,4,,,0,70,,10616,4,,,0,30,,10617,4,,,0,70,,10618,4,,,0,30,,10621,4,,,0,90,,10619,4,,,0
564100,'3',602,,10657,4,,,0,100,,10656,4,,,0,30,,10655,4,,,0,70,,10654,4,,,0,30,,10653,4,,,0,70,,10652,4,,,0,30,,10651,4,,,0,70,,10650,4,,,0,30,,10649,4,,,0,70,,10648,4,,,0,30,,10647,4,,,0,70,,10646,4,,,0,30,,10645,4,,,0,70,,10644,4,,,0,30,,10643,4,,,0,70,,10642,4,,,0,30,,10641,4,,,0,70,,10640,4,,,0,30,,10639,4,,,0,70,,10638,4,,,0,30,,10637,4,,,0,70,,10636,4,,,0,30,,10635,4,,,0,70,,10634,4,,,0,30,,10633,4,,,0,70,,10632,4,,,0,30,,10631,4,,,0,70,,10630,4,,,0,30,,10629,4,,,0,70,,10628,4,,,0,30,,10627,4,,,0,70,,10626,4,,,0,30,,10625,4,,,0,70,,10624,4,,,0,30,,10623,4,,,0,70,,10622,4,,,0
564400,'1',503,,11679,4,,,0,30,,11680,4,,,0,70,,11681,4,,,0,30,,11682,4,,,0,70,,11683,4,,,0,25,,11684,4,,,0,20,,11685,4,,,0,60,,11686,4,,,0,20,,11687,4,,,0,20,,11688,4,,,0,60,,11689,4,,,0,20,,11690,4,,,0,20,,11691,4,,,0,60,,11720,4,,,0,20,,11692,4,,,0,20,,11693,4,,,0,70,,11694,4,,,0,30,,11695,4,,,0,70,,11696,4,,,0,30,,11697,4,,,0,70,,11698,4,,,0,30,,11699,4,,,0,70,,11700,4,,,0,15,,11701,4,,,0,15,,11702,4,,,0,60,,11703,4,,,0,20,,11704,4,,,0,20,,11705,4,,,0,60,,11706,4,,,0,20,,11707,4,,,0,20,,11708,4,,,0,60,,11709,4,,,0,20,,11710,4,,,0,20,,11711,4,,,0,70,,11712,4,,,0,30,,11713,4,,,0,105,,11714,4,,,0,100,,11715,4,,,0,100,,11716,4,,,0,105,,11717,4,,,0,145,,11718,4,,,0,100,,11719,4,,,0
564400,'2',518,,11755,4,,,0,30,,11737,4,,,0,70,,11747,4,,,0,30,,11736,4,,,0,70,,11748,4,,,0,30,,11735,4,,,0,75,,11749,4,,,0,30,,11734,4,,,0,70,,11733,4,,,0,30,,11732,4,,,0,70,,11731,4,,,0,30,,11730,4,,,0,70,,11729,4,,,0,30,,11728,4,,,0,70,,11727,4,,,0,30,,11726,4,,,0,70,,11725,4,,,0,30,,11724,4,,,0,70,,11723,4,,,0,30,,11722,4,,,0,70,,11721,4,,,0,30,,11746,4,,,0,70,,11745,4,,,0,30,,11744,4,,,0,70,,11743,4,,,0,30,,11742,4,,,0,70,,11753,4,,,0,35,,11741,4,,,0,100,,11740,4,,,0,100,,11739,4,,,0,100,,11738,4,,,0,99,,11750,4,,,0,100,,11751,4,,,0,100,,11752,4,,,0,100,,11754,4,,,0
564400,'3',607,,11786,4,,,0,20,,11784,4,,,0,30,,11762,4,,,0,70,,11779,4,,,0,30,,11763,4,,,0,70,,11780,4,,,0,30,,11764,4,,,0,70,,11781,4,,,0,30,,11765,4,,,0,71,,11766,4,,,0,30,,11767,4,,,0,70,,11768,4,,,0,30,,11769,4,,,0,70,,11770,4,,,0,30,,11771,4,,,0,70,,11772,4,,,0,30,,11773,4,,,0,70,,11774,4,,,0,30,,11775,4,,,0,70,,11776,4,,,0,30,,11777,4,,,0,70,,11778,4,,,0,30,,11756,4,,,0,70,,11785,4,,,0,30,,11757,4,,,0,100,,11758,4,,,0,99,,11759,4,,,0,100,,11760,4,,,0,100,,11761,4,,,0,100,,11783,4,,,0,100,,11782,4,,,0
564500,'1',512,,11892,4,,,0,30,,11893,4,,,0,70,,11894,4,,,0,30,,11895,4,,,0,70,,11896,4,,,0,30,,11897,4,,,0,65,,11898,4,,,0,20,,11899,4,,,0,20,,11900,4,,,0,60,,11901,4,,,0,20,,11902,4,,,0,20,,11903,4,,,0,65,,11904,4,,,0,25,,11905,4,,,0,70,,11906,4,,,0,30,,11907,4,,,0,70,,11908,4,,,0,30,,11909,4,,,0,70,,11910,4,,,0,30,,11911,4,,,0,70,,11912,4,,,0,30,,11913,4,,,0,20,,11914,4,,,0,60,,11915,4,,,0,20,,11916,4,,,0,20,,11917,4,,,0,60,,11918,4,,,0,20,,11919,4,,,0,20,,11920,4,,,0,60,,11921,4,,,0,20,,11922,4,,,0,20,,11923,4,,,0,70,,11924,4,,,0,75,,11925,4,,,0,30,,11931,4,,,0,100,,11926,4,,,0,100,,11927,4,,,0,100,,11928,4,,,0,105,,11929,4,,,0,100,,11930,4,,,0,100,,11932,4,,,0
564500,'2',502,,11967,4,,,0,30,,11960,4,,,0,70,,11961,4,,,0,30,,11959,4,,,0,70,,11962,4,,,0,30,,11958,4,,,0,70,,11933,4,,,0,30,,11957,4,,,0,70,,11956,4,,,0,30,,11955,4,,,0,70,,11954,4,,,0,30,,11953,4,,,0,70,,11952,4,,,0,30,,11951,4,,,0,70,,11950,4,,,0,30,,11949,4,,,0,70,,11948,4,,,0,30,,11947,4,,,0,70,,11946,4,,,0,30,,11945,4,,,0,70,,11944,4,,,0,30,,11943,4,,,0,70,,11942,4,,,0,30,,11941,4,,,0,70,,11940,4,,,0,30,,11939,4,,,0,70,,11938,4,,,0,30,,11937,4,,,0,105,,11936,4,,,0,100,,11935,4,,,0,100,,11934,4,,,0,100,,11963,4,,,0,100,,11964,4,,,0,100,,11965,4,,,0,100,,11966,4,,,0
564500,'3',601,,11996,4,,,0,30,,11997,4,,,0,70,,11995,4,,,0,30,,11989,4,,,0,70,,11991,4,,,0,30,,11988,4,,,0,70,,11992,4,,,0,30,,11987,4,,,0,71,,11986,4,,,0,30,,11985,4,,,0,70,,11984,4,,,0,30,,11983,4,,,0,70,,11982,4,,,0,30,,11981,4,,,0,70,,11980,4,,,0,30,,11979,4,,,0,70,,11978,4,,,0,30,,11977,4,,,0,70,,11976,4,,,0,30,,11975,4,,,0,70,,11974,4,,,0,30,,11973,4,,,0,70,,11972,4,,,0,30,,11971,4,,,0,70,,11998,4,,,0,30,,11970,4,,,0,99,,11969,4,,,0,100,,11968,4,,,0,100,,11990,4,,,0,100,,11993,4,,,0,100,,11994,4,,,0
564600,'703',1006,,12106,4,,,0,100,,12107,4,,,0,100,,12108,4,,,0,100,,12109,4,,,0,100,,12110,4,,,0,100,,12111,4,,,0,100,,12112,4,,,0
566100,'1601',725,,15637,4,0,5 6,0,8,,15638,4,0,5 6,0
566100,'1',512,,15639,4,0,8 35 6,0,30,,15640,4,0,5 6,0,70,,15641,4,0,8 35 6,0,30,,15642,4,0,5 6,0,65,,15643,4,0,5 6,0,15,,15644,4,0,8 35 6,0,15,,15645,4,0,5 6,0,15,,15646,4,0,8 35 6,0,55,,15647,4,0,5 6,0,15,,15648,4,0,8 35 6,0,15,,15649,4,0,5 6,0,15,,15650,4,0,8 35 6,0,55,,15651,4,0,5 6,0,15,,15652,4,0,8 35 6,0,30,,15653,4,0,5 6,0,70,,15654,4,0,8 35 6,0,30,,15655,4,0,5 6,0,70,,15656,4,0,8 35 6,0,30,,15657,4,0,5 6,0,70,,15658,4,0,8 35 6,0,30,,15659,4,0,5 6,0,70,,15660,4,0,8 35 6,0,30,,15661,4,0,5 6,0,70,,15662,4,0,8 35 6,0,20,,15663,4,0,5 6,0,15,,15664,4,0,8 35 6,0,55,,15665,4,0,5 6,0,15,,15666,4,0,8 35 6,0,15,,15667,4,0,5 6,0,15,,15668,4,0,8 35 6,0,55,,15669,4,0,5 6,0,15,,15670,4,0,8 35 6,0,15,,15671,4,0,5 6,0,15,,15672,4,0,8 35 6,0,55,,15673,4,0,5 6,0,15,,15674,4,0,8 35 6,0,15,,15675,4,0,5 6,0,16,,15676,4,0,8 35 6,0,58,,15677,4,0,5 6,0,30,,15678,4,0,8 35 6,0,70,,15679,4,0,5 6,0,30,,15680,4,0,8 35 6,0,70,,15681,4,0,5 6,0,30,,15682,4,0,8 35 6,0,70,,15683,4,0,5 6,0,101,,15684,4,0,8 35 6,0,100,,15685,4,0,5 3 8 35 36,0,115,,15686,4,0,5 3 8 35 36,0
566100,'2',650,,15710,4,0,5 6,0,66,,15709,4,0,8 35 6,0,30,,15692,4,0,5 6,0,70,,15691,4,0,8 35 6,0,30,,15718,4,0,5 6,0,71,,15703,4,0,8 35 6,0,30,,15707,4,0,5 6,0,70,,15706,4,0,8 35 6,0,30,,15705,4,0,5 6,0,70,,15704,4,0,8 35 6,0,30,,15690,4,0,5 6,0,70,,15702,4,0,8 35 6,0,30,,15694,4,0,5 6,0,70,,15693,4,0,8 35 6,0,30,,15701,4,0,5 6,0,70,,15700,4,0,8 35 6,0,30,,15699,4,0,5 6,0,70,,15698,4,0,8 35 6,0,30,,15708,4,0,5 6,0,70,,15719,4,0,8 35 6,0,30,,15717,4,0,5 6,0,70,,15689,4,0,8 35 6,0,30,,15688,4,0,5 6,0,75,,15687,4,0,8 35 6,0,30,,15721,4,0,5 6,0,70,,15720,4,0,8 35 6,0,30,,15715,4,0,5 6,0,70,,15714,4,0,8 35 6,0,30,,15713,4,0,5 6,0,70,,15716,4,0,8 35 6,0,30,,15697,4,0,5 6,0,70,,15696,4,0,8 35 6,0,30,,15695,4,0,5 6,0,70,,15712,4,0,8 35 6,0,79,,15711,4,0,5 3 8 35 36,0
566100,'3',702,,15733,4,0,5 6,0,30,,15729,4,0,8 35 6,0,70,,15734,4,0,5 6,0,30,,15728,4,0,8 35 6,0,70,,15735,4,0,5 6,0,30,,15732,4,0,8 35 6,0,70,,15736,4,0,5 6,0,30,,15726,4,0,8 35 6,0,70,,15737,4,0,5 6,0,30,,15725,4,0,8 35 6,0,70,,15738,4,0,5 6,0,30,,15724,4,0,8 35 6,0,70,,15739,4,0,5 6,0,30,,15727,4,0,8 35 6,0,70,,15740,4,0,5 6,0,30,,15731,4,0,8 35 6,0,70,,15741,4,0,5 6,0,30,,15730,4,0,8 35 6,0,70,,15742,4,0,5 6,0,30,,15723,4,0,8 35 6,0,70,,15743,4,0,5 6,0,30,,15722,4,0,8 35 6,0,70,,15744,4,0,5 6,0,30,,15745,4,0,8 35 6,0,70,,15750,4,0,5 6,0,30,,15746,4,0,8 35 6,0,70,,15751,4,0,5 6,0,30,,15747,4,0,8 35 6,0,70,,15752,4,0,5 6,0,30,,15748,4,0,8 35 6,0,70,,15753,4,0,5 6,0,30,,15749,4,0,8 35 6,0,70,,15754,4,0,5 6,0,30,,15755,4,0,8 35 6,0,70,,15756,4,0,5 6,0
