564100,'1',446,,10533,2,,,0,55,,10563,2,,,0,20,,10570,2,,,0,20,,10569,2,,,0,60,,10568,2,,,0,20,,10567,2,,,0,20,,10566,2,,,0,60,,10565,2,,,0,20,,10564,2,,,0,20,,10571,2,,,0,60,,10534,2,,,0,20,,10535,2,,,0,20,,10536,2,,,0,60,,10537,2,,,0,20,,10538,2,,,0,20,,10539,2,,,0,60,,10540,2,,,0,20,,10543,2,,,0,20,,10544,2,,,0,60,,10545,2,,,0,20,,10546,2,,,0,20,,10547,2,,,0,60,,10548,2,,,0,20,,10541,2,,,0,20,,10542,2,,,0,60,,10517,2,,,0,20,,10549,2,,,0,20,,10550,2,,,0,60,,10551,2,,,0,20,,10552,2,,,0,20,,10553,2,,,0,60,,10554,2,,,0,20,,10555,2,,,0,20,,10556,2,,,0,60,,10557,2,,,0,20,,10558,2,,,0,20,,10559,2,,,0,60,,10560,2,,,0,20,,10561,2,,,0,20,,10562,2,,,0,63,,10532,2,,,0,30,,10531,2,,,0,75,,10530,2,,,0,30,,10529,2,,,0,70,,10528,2,,,0,30,,10527,2,,,0,70,,10526,2,,,0,30,,10518,2,,,0,69,,10519,2,,,0,30,,10520,2,,,0,70,,10521,2,,,0,30,,10522,2,,,0,70,,10523,2,,,0,32,,10524,2,,,0,80,,10525,2,,,0
564100,'2',500,,10572,2,,,0,30,,10573,2,,,0,70,,10574,2,,,0,30,,10575,2,,,0,70,,10576,2,,,0,30,,10577,2,,,0,70,,10578,2,,,0,20,,10620,2,,,0,20,,10579,2,,,0,60,,10580,2,,,0,20,,10581,2,,,0,20,,10582,2,,,0,60,,10583,2,,,0,20,,10584,2,,,0,20,,10585,2,,,0,60,,10586,2,,,0,20,,10587,2,,,0,20,,10588,2,,,0,60,,10589,2,,,0,20,,10590,2,,,0,20,,10591,2,,,0,60,,10592,2,,,0,20,,10593,2,,,0,20,,10594,2,,,0,60,,10595,2,,,0,20,,10596,2,,,0,20,,10597,2,,,0,60,,10598,2,,,0,20,,10599,2,,,0,20,,10600,2,,,0,60,,10601,2,,,0,20,,10602,2,,,0,20,,10603,2,,,0,60,,10604,2,,,0,30,,10605,2,,,0,71,,10606,2,,,0,30,,10607,2,,,0,70,,10608,2,,,0,30,,10609,2,,,0,70,,10610,2,,,0,30,,10611,2,,,0,70,,10612,2,,,0,30,,10613,2,,,0,69,,10614,2,,,0,30,,10615,2,,,0,70,,10616,2,,,0,30,,10617,2,,,0,70,,10618,2,,,0,30,,10621,2,,,0,90,,10619,2,,,0
564100,'3',600,,10657,2,,,0,100,,10656,2,,,0,30,,10655,2,,,0,70,,10654,2,,,0,30,,10653,2,,,0,71,,10652,2,,,0,30,,10651,2,,,0,70,,10650,2,,,0,30,,10649,2,,,0,70,,10648,2,,,0,30,,10647,2,,,0,70,,10646,2,,,0,30,,10645,2,,,0,70,,10644,2,,,0,30,,10643,2,,,0,70,,10642,2,,,0,30,,10641,2,,,0,70,,10640,2,,,0,30,,10639,2,,,0,70,,10638,2,,,0,30,,10637,2,,,0,70,,10636,2,,,0,30,,10635,2,,,0,70,,10634,2,,,0,30,,10633,2,,,0,70,,10632,2,,,0,30,,10631,2,,,0,69,,10630,2,,,0,30,,10629,2,,,0,70,,10628,2,,,0,30,,10627,2,,,0,70,,10626,2,,,0,30,,10625,2,,,0,70,,10624,2,,,0,30,,10623,2,,,0,70,,10622,2,,,0
564400,'1',501,,11679,2,,,0,30,,11680,2,,,0,70,,11681,2,,,0,30,,11682,2,,,0,70,,11683,2,,,0,25,,11684,2,,,0,20,,11685,2,,,0,60,,11686,2,,,0,20,,11687,2,,,0,20,,11688,2,,,0,60,,11689,2,,,0,20,,11690,2,,,0,20,,11691,2,,,0,60,,11720,2,,,0,20,,11692,2,,,0,20,,11693,2,,,0,70,,11694,2,,,0,30,,11695,2,,,0,70,,11696,2,,,0,30,,11697,2,,,0,70,,11698,2,,,0,30,,11699,2,,,0,71,,11700,2,,,0,15,,11701,2,,,0,15,,11702,2,,,0,60,,11703,2,,,0,20,,11704,2,,,0,20,,11705,2,,,0,60,,11706,2,,,0,20,,11707,2,,,0,20,,11708,2,,,0,60,,11709,2,,,0,20,,11710,2,,,0,20,,11711,2,,,0,70,,11712,2,,,0,30,,11713,2,,,0,105,,11714,2,,,0,100,,11715,2,,,0,100,,11716,2,,,0,104,,11717,2,,,0,145,,11718,2,,,0,100,,11719,2,,,0
564400,'2',516,,11755,2,,,0,30,,11737,2,,,0,70,,11747,2,,,0,30,,11736,2,,,0,70,,11748,2,,,0,30,,11735,2,,,0,76,,11749,2,,,0,30,,11734,2,,,0,70,,11733,2,,,0,30,,11732,2,,,0,70,,11731,2,,,0,30,,11730,2,,,0,70,,11729,2,,,0,30,,11728,2,,,0,70,,11727,2,,,0,30,,11726,2,,,0,70,,11725,2,,,0,30,,11724,2,,,0,70,,11723,2,,,0,30,,11722,2,,,0,70,,11721,2,,,0,30,,11746,2,,,0,70,,11745,2,,,0,30,,11744,2,,,0,70,,11743,2,,,0,30,,11742,2,,,0,70,,11753,2,,,0,35,,11741,2,,,0,99,,11740,2,,,0,100,,11739,2,,,0,100,,11738,2,,,0,100,,11750,2,,,0,100,,11751,2,,,0,100,,11752,2,,,0,100,,11754,2,,,0
564400,'3',606,,11786,2,,,0,20,,11784,2,,,0,30,,11762,2,,,0,70,,11779,2,,,0,30,,11763,2,,,0,70,,11780,2,,,0,30,,11764,2,,,0,70,,11781,2,,,0,30,,11765,2,,,0,70,,11766,2,,,0,30,,11767,2,,,0,70,,11768,2,,,0,30,,11769,2,,,0,70,,11770,2,,,0,30,,11771,2,,,0,70,,11772,2,,,0,30,,11773,2,,,0,70,,11774,2,,,0,30,,11775,2,,,0,70,,11776,2,,,0,30,,11777,2,,,0,70,,11778,2,,,0,30,,11756,2,,,0,70,,11785,2,,,0,30,,11757,2,,,0,100,,11758,2,,,0,100,,11759,2,,,0,100,,11760,2,,,0,100,,11761,2,,,0,100,,11783,2,,,0,100,,11782,2,,,0
564500,'1',511,,11892,2,,,0,30,,11893,2,,,0,70,,11894,2,,,0,30,,11895,2,,,0,70,,11896,2,,,0,30,,11897,2,,,0,65,,11898,2,,,0,20,,11899,2,,,0,20,,11900,2,,,0,60,,11901,2,,,0,20,,11902,2,,,0,20,,11903,2,,,0,65,,11904,2,,,0,25,,11905,2,,,0,70,,11906,2,,,0,30,,11907,2,,,0,70,,11908,2,,,0,30,,11909,2,,,0,70,,11910,2,,,0,30,,11911,2,,,0,70,,11912,2,,,0,30,,11913,2,,,0,20,,11914,2,,,0,60,,11915,2,,,0,20,,11916,2,,,0,20,,11917,2,,,0,60,,11918,2,,,0,20,,11919,2,,,0,20,,11920,2,,,0,60,,11921,2,,,0,20,,11922,2,,,0,20,,11923,2,,,0,70,,11924,2,,,0,75,,11925,2,,,0,30,,11931,2,,,0,100,,11926,2,,,0,100,,11927,2,,,0,100,,11928,2,,,0,105,,11929,2,,,0,100,,11930,2,,,0,100,,11932,2,,,0
564500,'2',501,,11967,2,,,0,30,,11960,2,,,0,70,,11961,2,,,0,30,,11959,2,,,0,70,,11962,2,,,0,30,,11958,2,,,0,70,,11933,2,,,0,30,,11957,2,,,0,70,,11956,2,,,0,30,,11955,2,,,0,70,,11954,2,,,0,30,,11953,2,,,0,70,,11952,2,,,0,30,,11951,2,,,0,70,,11950,2,,,0,30,,11949,2,,,0,70,,11948,2,,,0,30,,11947,2,,,0,70,,11946,2,,,0,30,,11945,2,,,0,70,,11944,2,,,0,30,,11943,2,,,0,70,,11942,2,,,0,30,,11941,2,,,0,70,,11940,2,,,0,30,,11939,2,,,0,70,,11938,2,,,0,30,,11937,2,,,0,105,,11936,2,,,0,100,,11935,2,,,0,100,,11934,2,,,0,100,,11963,2,,,0,100,,11964,2,,,0,100,,11965,2,,,0,100,,11966,2,,,0
564500,'3',600,,11996,2,,,0,30,,11997,2,,,0,70,,11995,2,,,0,30,,11989,2,,,0,70,,11991,2,,,0,30,,11988,2,,,0,70,,11992,2,,,0,30,,11987,2,,,0,71,,11986,2,,,0,30,,11985,2,,,0,70,,11984,2,,,0,30,,11983,2,,,0,70,,11982,2,,,0,30,,11981,2,,,0,70,,11980,2,,,0,30,,11979,2,,,0,70,,11978,2,,,0,30,,11977,2,,,0,70,,11976,2,,,0,30,,11975,2,,,0,70,,11974,2,,,0,30,,11973,2,,,0,70,,11972,2,,,0,30,,11971,2,,,0,70,,11998,2,,,0,30,,11970,2,,,0,99,,11969,2,,,0,100,,11968,2,,,0,100,,11990,2,,,0,100,,11993,2,,,0,100,,11994,2,,,0
564600,'703',1005,,12106,2,,,0,100,,12107,2,,,0,100,,12108,2,,,0,100,,12109,2,,,0,100,,12110,2,,,0,100,,12111,2,,,0,100,,12112,2,,,0
566100,'1601',724,,15637,2,0,5 6,0,8,,15638,2,0,5 6,0
566100,'1',511,,15639,2,0,8 35 6,0,30,,15640,2,0,5 6,0,70,,15641,2,0,8 35 6,0,30,,15642,2,0,5 6,0,65,,15643,2,0,5 6,0,15,,15644,2,0,8 35 6,0,15,,15645,2,0,5 6,0,15,,15646,2,0,8 35 6,0,55,,15647,2,0,5 6,0,15,,15648,2,0,8 35 6,0,15,,15649,2,0,5 6,0,15,,15650,2,0,8 35 6,0,55,,15651,2,0,5 6,0,15,,15652,2,0,8 35 6,0,30,,15653,2,0,5 6,0,70,,15654,2,0,8 35 6,0,30,,15655,2,0,5 6,0,70,,15656,2,0,8 35 6,0,30,,15657,2,0,5 6,0,70,,15658,2,0,8 35 6,0,30,,15659,2,0,5 6,0,70,,15660,2,0,8 35 6,0,30,,15661,2,0,5 6,0,70,,15662,2,0,8 35 6,0,20,,15663,2,0,5 6,0,15,,15664,2,0,8 35 6,0,55,,15665,2,0,5 6,0,15,,15666,2,0,8 35 6,0,15,,15667,2,0,5 6,0,15,,15668,2,0,8 35 6,0,55,,15669,2,0,5 6,0,15,,15670,2,0,8 35 6,0,15,,15671,2,0,5 6,0,15,,15672,2,0,8 35 6,0,55,,15673,2,0,5 6,0,15,,15674,2,0,8 35 6,0,15,,15675,2,0,5 6,0,16,,15676,2,0,8 35 6,0,58,,15677,2,0,5 6,0,30,,15678,2,0,8 35 6,0,70,,15679,2,0,5 6,0,30,,15680,2,0,8 35 6,0,70,,15681,2,0,5 6,0,30,,15682,2,0,8 35 6,0,70,,15683,2,0,5 6,0,101,,15684,2,0,8 35 6,0,100,,15685,2,0,5 3 8 35 36,0,115,,15686,2,0,5 3 8 35 36,0
566100,'2',650,,15710,2,0,5 6,0,66,,15709,2,0,8 35 6,0,30,,15692,2,0,5 6,0,70,,15691,2,0,8 35 6,0,30,,15718,2,0,5 6,0,70,,15703,2,0,8 35 6,0,30,,15707,2,0,5 6,0,70,,15706,2,0,8 35 6,0,30,,15705,2,0,5 6,0,70,,15704,2,0,8 35 6,0,30,,15690,2,0,5 6,0,70,,15702,2,0,8 35 6,0,30,,15694,2,0,5 6,0,70,,15693,2,0,8 35 6,0,30,,15701,2,0,5 6,0,70,,15700,2,0,8 35 6,0,30,,15699,2,0,5 6,0,70,,15698,2,0,8 35 6,0,30,,15708,2,0,5 6,0,70,,15719,2,0,8 35 6,0,30,,15717,2,0,5 6,0,70,,15689,2,0,8 35 6,0,30,,15688,2,0,5 6,0,75,,15687,2,0,8 35 6,0,30,,15721,2,0,5 6,0,70,,15720,2,0,8 35 6,0,30,,15715,2,0,5 6,0,70,,15714,2,0,8 35 6,0,30,,15713,2,0,5 6,0,70,,15716,2,0,8 35 6,0,30,,15697,2,0,5 6,0,70,,15696,2,0,8 35 6,0,30,,15695,2,0,5 6,0,70,,15712,2,0,8 35 6,0,80,,15711,2,0,5 3 8 35 36,0
566100,'3',701,,15733,2,0,5 6,0,30,,15729,2,0,8 35 6,0,70,,15734,2,0,5 6,0,30,,15728,2,0,8 35 6,0,70,,15735,2,0,5 6,0,30,,15732,2,0,8 35 6,0,70,,15736,2,0,5 6,0,30,,15726,2,0,8 35 6,0,70,,15737,2,0,5 6,0,30,,15725,2,0,8 35 6,0,70,,15738,2,0,5 6,0,30,,15724,2,0,8 35 6,0,70,,15739,2,0,5 6,0,30,,15727,2,0,8 35 6,0,70,,15740,2,0,5 6,0,30,,15731,2,0,8 35 6,0,70,,15741,2,0,5 6,0,30,,15730,2,0,8 35 6,0,70,,15742,2,0,5 6,0,30,,15723,2,0,8 35 6,0,70,,15743,2,0,5 6,0,30,,15722,2,0,8 35 6,0,70,,15744,2,0,5 6,0,30,,15745,2,0,8 35 6,0,70,,15750,2,0,5 6,0,30,,15746,2,0,8 35 6,0,70,,15751,2,0,5 6,0,30,,15747,2,0,8 35 6,0,70,,15752,2,0,5 6,0,30,,15748,2,0,8 35 6,0,70,,15753,2,0,5 6,0,30,,15749,2,0,8 35 6,0,70,,15754,2,0,5 6,0,30,,15755,2,0,8 35 6,0,70,,15756,2,0,5 6,0
