569000,'1',450,,20462,6,,,0,55,,20432,6,,,0,20,,20425,6,,,0,20,,20426,6,,,0,60,,20427,6,,,0,20,,20428,6,,,0,20,,20429,6,,,0,60,,20430,6,,,0,20,,20431,6,,,0,20,,20424,6,,,0,60,,20461,6,,,0,20,,20460,6,,,0,20,,20459,6,,,0,60,,20458,6,,,0,20,,20457,6,,,0,20,,20456,6,,,0,60,,20455,6,,,0,20,,20452,6,,,0,20,,20451,6,,,0,60,,20450,6,,,0,20,,20449,6,,,0,20,,20448,6,,,0,60,,20447,6,,,0,20,,20454,6,,,0,20,,20453,6,,,0,60,,20478,6,,,0,20,,20446,6,,,0,21,,20445,6,,,0,60,,20444,6,,,0,20,,20443,6,,,0,20,,20442,6,,,0,60,,20441,6,,,0,20,,20440,6,,,0,20,,20439,6,,,0,60,,20438,6,,,0,20,,20437,6,,,0,20,,20436,6,,,0,60,,20435,6,,,0,20,,20434,6,,,0,20,,20433,6,,,0,63,,20463,6,,,0,30,,20464,6,,,0,74,,20465,6,,,0,30,,20466,6,,,0,70,,20467,6,,,0,30,,20468,6,,,0,70,,20469,6,,,0,30,,20477,6,,,0,69,,20476,6,,,0,30,,20475,6,,,0,70,,20474,6,,,0,30,,20473,6,,,0,70,,20472,6,,,0,32,,20471,6,,,0,80,,20470,6,,,0
569000,'2',504,,20528,6,,,0,30,,20527,6,,,0,70,,20526,6,,,0,30,,20525,6,,,0,70,,20524,6,,,0,30,,20523,6,,,0,70,,20522,6,,,0,20,,20480,6,,,0,20,,20521,6,,,0,60,,20520,6,,,0,20,,20519,6,,,0,20,,20518,6,,,0,60,,20517,6,,,0,20,,20516,6,,,0,20,,20515,6,,,0,60,,20514,6,,,0,20,,20513,6,,,0,20,,20512,6,,,0,60,,20511,6,,,0,20,,20510,6,,,0,20,,20509,6,,,0,60,,20508,6,,,0,20,,20507,6,,,0,20,,20506,6,,,0,60,,20505,6,,,0,20,,20504,6,,,0,20,,20503,6,,,0,60,,20502,6,,,0,20,,20501,6,,,0,20,,20500,6,,,0,60,,20499,6,,,0,20,,20498,6,,,0,20,,20497,6,,,0,60,,20496,6,,,0,30,,20495,6,,,0,71,,20494,6,,,0,30,,20493,6,,,0,70,,20492,6,,,0,30,,20491,6,,,0,70,,20490,6,,,0,30,,20489,6,,,0,70,,20488,6,,,0,30,,20487,6,,,0,69,,20486,6,,,0,30,,20485,6,,,0,70,,20484,6,,,0,30,,20483,6,,,0,70,,20482,6,,,0,30,,20479,6,,,0,90,,20481,6,,,0
569000,'3',604,,20529,6,,,0,100,,20530,6,,,0,30,,20531,6,,,0,70,,20532,6,,,0,30,,20533,6,,,0,71,,20534,6,,,0,30,,20535,6,,,0,70,,20536,6,,,0,30,,20537,6,,,0,70,,20538,6,,,0,30,,20539,6,,,0,70,,20540,6,,,0,30,,20541,6,,,0,70,,20542,6,,,0,30,,20543,6,,,0,70,,20544,6,,,0,30,,20545,6,,,0,70,,20546,6,,,0,30,,20547,6,,,0,70,,20548,6,,,0,30,,20549,6,,,0,70,,20550,6,,,0,30,,20551,6,,,0,70,,20552,6,,,0,30,,20553,6,,,0,70,,20554,6,,,0,30,,20555,6,,,0,69,,20556,6,,,0,30,,20557,6,,,0,70,,20558,6,,,0,30,,20559,6,,,0,70,,20560,6,,,0,30,,20561,6,,,0,70,,20562,6,,,0,30,,20563,6,,,0,70,,20564,6,,,0
569301,'1',532,,21679,14,,,0,70,,21678,14,,,0,30,,21677,14,,,0,70,,21676,14,,,0,32,,21680,14,,,0,70,,21681,14,,,0,30,,21682,14,,,0,70,,21683,14,,,0,30,,21684,14,,,0,70,,21685,14,,,0,30,,21686,14,,,0,70,,21675,14,,,0,30,,21674,14,,,0,70,,21673,14,,,0,30,,21672,14,,,0,70,,21671,14,,,0,30,,21670,14,,,0,70,,21669,14,,,0,30,,21668,14,,,0,70,,21687,14,,,0,30,,21688,14,,,0,70,,21689,14,,,0,30,,21690,14,,,0,70,,21691,14,,,0,30,,21692,14,,,0,70,,21693,14,,,0,30,,21694,14,,,0,70,,21695,14,,,0,24,,21667,14,,,0,95,,21666,14,,,0,100,,21665,14,,,0,99,,21664,14,,,0,105,,21663,14,,,0,100,,21662,14,,,0,100,,21661,14,,,0
569301,'2',521,,21696,14,,,0,30,,21697,14,,,0,70,,21729,14,,,0,30,,21703,14,,,0,70,,21728,14,,,0,30,,21701,14,,,0,71,,21727,14,,,0,30,,21702,14,,,0,70,,21726,14,,,0,30,,21725,14,,,0,70,,21724,14,,,0,30,,21723,14,,,0,70,,21722,14,,,0,30,,21721,14,,,0,70,,21720,14,,,0,30,,21719,14,,,0,70,,21718,14,,,0,30,,21717,14,,,0,70,,21716,14,,,0,30,,21715,14,,,0,70,,21714,14,,,0,30,,21713,14,,,0,70,,21712,14,,,0,30,,21711,14,,,0,70,,21710,14,,,0,30,,21709,14,,,0,70,,21708,14,,,0,104,,21707,14,,,0,102,,21706,14,,,0,100,,21705,14,,,0,99,,21704,14,,,0,100,,21700,14,,,0,100,,21699,14,,,0,100,,21698,14,,,0
569301,'3',625,,21731,14,,,0,30,,21758,14,,,0,70,,21737,14,,,0,30,,21736,14,,,0,70,,21757,14,,,0,30,,21735,14,,,0,70,,21756,14,,,0,30,,21734,14,,,0,68,,21755,14,,,0,30,,21754,14,,,0,70,,21753,14,,,0,30,,21752,14,,,0,70,,21751,14,,,0,30,,21750,14,,,0,70,,21749,14,,,0,30,,21748,14,,,0,70,,21747,14,,,0,30,,21746,14,,,0,70,,21745,14,,,0,30,,21744,14,,,0,70,,21743,14,,,0,30,,21742,14,,,0,70,,21741,14,,,0,30,,21730,14,,,0,70,,21740,14,,,0,100,,21739,14,,,0,100,,21738,14,,,0,100,,21760,14,,,0,101,,21759,14,,,0,100,,21733,14,,,0,100,,21732,14,,,0
569400,'1',514,,21781,6,,,0,30,,21780,6,,,0,70,,21779,6,,,0,30,,21778,6,,,0,70,,21777,6,,,0,35,,21776,6,,,0,70,,21782,6,,,0,30,,21783,6,,,0,70,,21784,6,,,0,30,,21785,6,,,0,70,,21786,6,,,0,30,,21787,6,,,0,70,,21775,6,,,0,30,,21774,6,,,0,70,,21773,6,,,0,30,,21772,6,,,0,70,,21771,6,,,0,30,,21770,6,,,0,70,,21769,6,,,0,30,,21768,6,,,0,70,,21788,6,,,0,30,,21789,6,,,0,70,,21790,6,,,0,30,,21791,6,,,0,70,,21792,6,,,0,30,,21793,6,,,0,70,,21794,6,,,0,30,,21795,6,,,0,90,,21762,6,,,0,95,,21767,6,,,0,100,,21766,6,,,0,100,,21765,6,,,0,105,,21764,6,,,0,100,,21763,6,,,0,100,,21761,6,,,0
569400,'2',504,,21796,6,,,0,30,,21803,6,,,0,70,,21802,6,,,0,30,,21804,6,,,0,70,,21801,6,,,0,30,,21805,6,,,0,70,,21830,6,,,0,30,,21806,6,,,0,70,,21807,6,,,0,30,,21808,6,,,0,70,,21809,6,,,0,30,,21810,6,,,0,70,,21811,6,,,0,30,,21812,6,,,0,70,,21813,6,,,0,30,,21814,6,,,0,70,,21815,6,,,0,30,,21816,6,,,0,70,,21817,6,,,0,30,,21818,6,,,0,70,,21819,6,,,0,30,,21820,6,,,0,70,,21821,6,,,0,30,,21822,6,,,0,70,,21823,6,,,0,30,,21824,6,,,0,70,,21825,6,,,0,30,,21826,6,,,0,105,,21827,6,,,0,100,,21828,6,,,0,100,,21829,6,,,0,100,,21800,6,,,0,100,,21799,6,,,0,100,,21798,6,,,0,100,,21797,6,,,0
569400,'3',603,,21833,6,,,0,30,,21832,6,,,0,70,,21834,6,,,0,30,,21840,6,,,0,70,,21838,6,,,0,30,,21841,6,,,0,70,,21837,6,,,0,30,,21842,6,,,0,71,,21843,6,,,0,30,,21844,6,,,0,70,,21845,6,,,0,30,,21846,6,,,0,70,,21847,6,,,0,30,,21848,6,,,0,70,,21849,6,,,0,30,,21850,6,,,0,70,,21851,6,,,0,30,,21852,6,,,0,70,,21853,6,,,0,30,,21854,6,,,0,70,,21855,6,,,0,30,,21856,6,,,0,70,,21857,6,,,0,30,,21858,6,,,0,70,,21831,6,,,0,30,,21859,6,,,0,99,,21860,6,,,0,100,,21861,6,,,0,100,,21839,6,,,0,100,,21836,6,,,0,100,,21835,6,,,0
569500,'703',1007,,21969,6,,,0,100,,21968,6,,,0,100,,21967,6,,,0,100,,21966,6,,,0,100,,21965,6,,,0,100,,21964,6,,,0,100,,21963,6,,,0
