'1402',20260718,1,20260815,1
'1403',20260705,1
'14601',20260831,1,20260901,1,20260902,1,20260903,1,20260904,1
'14602',20260905,1
'14603',20260830,1
'14701',20260629,1,20260630,1,20260702,1,20260703,1,20260706,1,20260707,1,20260708,1,20260709,1,20260710,1,20260713,1,20260714,1,20260715,1,20260716,1,20260717,1,20260720,1,20260721,1,20260722,1,20260723,1,20260724,1,20260727,1,20260728,1,20260729,1,20260730,1,20260731,1,20260804,1,20260805,1,20260806,1,20260807,1,20260810,1,20260811,1,20260812,1,20260813,1,20260814,1,20260817,1,20260818,1,20260819,1,20260820,1,20260821,1,20260824,1,20260825,1,20260826,1,20260827,1,20260828,1,20260831,1,20260901,1,20260902,1,20260903,1,20260904,1
'14702',20260704,1,20260711,1,20260718,1,20260725,1,20260801,1,20260808,1,20260815,1,20260822,1,20260829,1,20260905,1
'14703',20260628,1,20260701,1,20260705,1,20260712,1,20260719,1,20260726,1,20260802,1,20260803,1,20260809,1,20260816,1,20260823,1,20260830,1
'1',20260629,0,20260630,0,20260701,0,20260701,2,20260702,0,20260703,0,20260706,0,20260707,0,20260708,0,20260709,0,20260710,0,20260713,0,20260714,0,20260715,0,20260716,0,20260717,0,20260720,0,20260721,0,20260722,0,20260723,0,20260724,0,20260727,0,20260728,0,20260729,0,20260730,0,20260731,0,20260803,0,20260803,2,20260804,0,20260805,0,20260806,0,20260807,0,20260810,0,20260811,0,20260812,0,20260813,0,20260814,0,20260817,0,20260818,0,20260819,0,20260820,0,20260821,0,20260824,0,20260825,0,20260826,0,20260827,0,20260828,0,20260831,0,20260901,0,20260902,0,20260903,0,20260904,0
'2201',20260828,1
'2202',20260829,1
'2203',20260830,1
'2303',20260701,1
'24202',20260801,1
'2',20260704,0,20260711,0,20260718,0,20260725,0,20260801,0,20260808,0,20260815,0,20260822,0,20260829,0,20260905,0
'3401',20260629,1,20260630,1,20260702,1,20260703,1,20260706,1,20260707,1,20260708,1,20260709,1,20260710,1,20260713,1,20260714,1,20260715,1,20260716,1,20260717,1,20260720,1,20260721,1,20260722,1,20260723,1,20260724,1,20260727,1,20260728,1,20260729,1,20260730,1,20260731,1,20260804,1,20260805,1,20260806,1,20260807,1,20260810,1,20260811,1,20260812,1,20260813,1,20260814,1,20260817,1,20260818,1,20260819,1,20260820,1,20260821,1,20260824,1,20260825,1,20260826,1,20260827,1,20260828,1,20260831,1,20260901,1,20260902,1,20260903,1,20260904,1
'3402',20260704,1,20260711,1,20260718,1,20260725,1,20260801,1,20260808,1,20260815,1,20260822,1,20260829,1,20260905,1
'3403',20260628,1,20260701,1,20260705,1,20260712,1,20260719,1,20260726,1,20260802,1,20260803,1,20260809,1,20260816,1,20260823,1,20260830,1
'3',20260628,0,20260701,1,20260705,0,20260712,0,20260719,0,20260726,0,20260802,0,20260803,1,20260809,0,20260816,0,20260823,0,20260830,0
'703',20260628,1,20260701,1,20260705,1,20260712,1,20260719,1,20260726,1,20260802,1,20260803,1,20260809,1,20260816,1,20260823,1,20260830,1
'8701',20260629,1,20260630,1,20260702,1,20260703,1,20260706,1,20260707,1,20260708,1,20260709,1,20260710,1,20260713,1,20260714,1,20260715,1,20260716,1,20260717,1,20260720,1,20260721,1,20260722,1,20260723,1,20260724,1,20260727,1,20260728,1,20260729,1,20260730,1,20260731,1,20260804,1,20260805,1,20260806,1,20260807,1,20260810,1,20260811,1,20260812,1,20260813,1,20260814,1,20260817,1,20260818,1,20260819,1,20260820,1,20260821,1,20260824,1,20260825,1,20260826,1,20260827,1,20260828,1,20260831,1,20260901,1,20260902,1,20260903,1,20260904,1
