'1',551500,52000,,'',0,2000,,'',0,6000,,'',0,2100,,'',0,1200,,'',0,1200,,'',0,1200,,'',0,5200,,'',0,1200,,'',0,1200,,'',0,1200,,'',0,1200,,'',0,5200,,'',0,1200,,'',0,1200,,'',0,1200,,'',0,5500,,'',0,1500,,'',0,1500,,'',0,1500,,'',0,5500,,'',0,1500,,'',0,1500,,'',0,1500,,'',0,5500,,'',0,1500,,'',0,1500,,'',0,1500,,'',0,5500,,'',0,1500,,'',0,1500,,'',0,1500,,'',0,5500,,'',0,1500,,'',0,1500,,'',0,1500,,'',0,5500,,'',0,1500,,'',0,1200,,'',0,1200,,'',0,1200,,'',0,5200,,'',0,1200,,'',0,1200,,'',0,1200,,'',0,1200,,'',0,5200,,'',0,1200,,'',0,1200,,'',0,1200,,'',0,1200,,'',0,5200,,'',0,1200,,'',0,1200,,'',0,1200,,'',0,1200,,'',0,5200,,'',0,1200,,'',0,1500,,'',0,1500,,'',0,5500,,'',0,1500,,'',0,1500,,'',0,1500,,'',0,5500,,'',0,2000,,'',0,2000,,'',0,6000,,'',0,3000,,'',0,7000,,'',0,3000,,'',0,7000,,'',0,3000,,'',0,7000,,'',0,3000,,'',0,9000,,'',0
'1',551501,53300,4,'',0,2000,4,'',0,6000,4,'',0,2000,4,'',0,2000,4,'',0,6000,4,'',0,1600,4,'',0,1400,4,'',0,1200,4,'',0,5200,4,'',0,1200,4,'',0,1200,4,'',0,1200,4,'',0,1400,4,'',0,5200,4,'',0,1200,4,'',0,1200,4,'',0,1300,4,'',0,5500,4,'',0,1500,4,'',0,1500,4,'',0,1500,4,'',0,5500,4,'',0,1500,4,'',0,1500,4,'',0,1500,4,'',0,5500,4,'',0,1500,4,'',0,1500,4,'',0,1500,4,'',0,5500,4,'',0,1500,4,'',0,1500,4,'',0,1500,4,'',0,5500,4,'',0,1600,4,'',0,1500,4,'',0,1500,4,'',0,5500,4,'',0,1500,4,'',0,1200,4,'',0,1200,4,'',0,1200,4,'',0,5200,4,'',0,1200,4,'',0,1200,4,'',0,1200,4,'',0,1200,4,'',0,5200,4,'',0,1200,4,'',0,1200,4,'',0,1200,4,'',0,1200,4,'',0,5200,4,'',0,1200,4,'',0,1100,4,'',0,1200,4,'',0,1200,4,'',0,5200,4,'',0,1400,4,'',0,1400,4,'',0,1500,4,'',0,5500,4,'',0,1200,4,'',0,1800,4,'',0,1200,4,'',0,1400,4,'',0,6000,4,'',0,2000,4,'',0,2000,4,'',0,6000,4,'',0,2000,4,'',0,2000,4,'',0,7000,4,'',0,3000,4,'',0,9700,4,'',0
'2',551500,53500,,'',0,7000,,'',0,3000,,'',0,7000,,'',0,3000,,'',0,7000,,'',0,2500,,'',0,2000,,'',0,6000,,'',0,2000,,'',0,2000,,'',0,6000,,'',0,2000,,'',0,2000,,'',0,6000,,'',0,2000,,'',0,2000,,'',0,6000,,'',0,2000,,'',0,2000,,'',0,6000,,'',0,2000,,'',0,2000,,'',0,6000,,'',0,2000,,'',0,2000,,'',0,6000,,'',0,2000,,'',0,2000,,'',0,6000,,'',0,2000,,'',0,2000,,'',0,6000,,'',0,2000,,'',0,7000,,'',0,3000,,'',0,7000,,'',0,3000,,'',0,7000,,'',0,3000,,'',0,7000,,'',0,3000,,'',0,7000,,'',0,3000,,'',0,7000,,'',0,3000,,'',0,7000,,'',0,3000,,'',0
'2',551501,53500,4,'',0,6900,4,'',0,3300,4,'',0,7000,4,'',0,3000,4,'',0,7000,4,'',0,3000,4,'',0,7000,4,'',0,3000,4,'',0,2000,4,'',0,6500,4,'',0,2000,4,'',0,6000,4,'',0,2000,4,'',0,2000,4,'',0,6000,4,'',0,2200,4,'',0,2000,4,'',0,6000,4,'',0,1500,4,'',0,2000,4,'',0,2000,4,'',0,6000,4,'',0,2000,4,'',0,2000,4,'',0,6000,4,'',0,2000,4,'',0,2000,4,'',0,6000,4,'',0,2000,4,'',0,2000,4,'',0,6000,4,'',0,2000,4,'',0,2000,4,'',0,6000,4,'',0,2100,4,'',0,7000,4,'',0,3000,4,'',0,7000,4,'',0,3000,4,'',0,7000,4,'',0,2600,4,'',0,7000,4,'',0,3000,4,'',0,7000,4,'',0,3000,4,'',0,2200,4,'',0,9900,4,'',0
'3',551500,60000,,'',0,3000,,'',0,7000,,'',0,3000,,'',0,7000,,'',0,3000,,'',0,7000,,'',0,3000,,'',0,7000,,'',0,3000,,'',0,7000,,'',0,3000,,'',0,7000,,'',0,3000,,'',0,7000,,'',0,3000,,'',0,7000,,'',0,3000,,'',0,7000,,'',0,3000,,'',0,7000,,'',0,3000,,'',0,7000,,'',0,3000,,'',0,7000,,'',0,3000,,'',0,7000,,'',0,3000,,'',0,7000,,'',0,3000,,'',0,7000,,'',0,3000,,'',0,7000,,'',0,3000,,'',0,7000,,'',0,3000,,'',0,7000,,'',0
'3',551501,62800,4,'',0,7600,4,'',0,3000,4,'',0,7000,4,'',0,3000,4,'',0,7000,4,'',0,3200,4,'',0,7000,4,'',0,3400,4,'',0,7000,4,'',0,3000,4,'',0,7000,4,'',0,3000,4,'',0,7000,4,'',0,3000,4,'',0,7000,4,'',0,3000,4,'',0,7000,4,'',0,3000,4,'',0,7000,4,'',0,3000,4,'',0,7000,4,'',0,3000,4,'',0,7000,4,'',0,3000,4,'',0,7000,4,'',0,3000,4,'',0,7000,4,'',0,3000,4,'',0,7000,4,'',0,3000,4,'',0,7000,4,'',0,3000,4,'',0,7000,4,'',0,3000,4,'',0
'4',551500,53000,,'',0,7000,,'',0,3000,,'',0,7000,,'',0,3000,,'',0,7000,,'',0,3000,,'',0,7000,,'',0,3000,,'',0,7000,,'',0,3000,,'',0,7000,,'',0,3000,,'',0,7000,,'',0,3000,,'',0,7000,,'',0,3000,,'',0,7000,,'',0,10000,,'',0,10000,,'',0,10000,,'',0,10000,,'',0,10000,,'',0,10000,,'',0,10000,,'',0
'4',551501,52800,4,'',0,10000,4,'',0,3000,4,'',0,7000,4,'',0,3000,4,'',0,7000,4,'',0,3000,4,'',0,7400,4,'',0,7400,4,'',0,3400,4,'',0,7000,4,'',0,3000,4,'',0,7000,4,'',0,3000,4,'',0,7000,4,'',0,3000,4,'',0,9000,4,'',0,9500,4,'',0,10000,4,'',0,10000,4,'',0,10000,4,'',0,10000,4,'',0,10000,4,'',0
'6',551500,53500,,'',0,7000,,'',0,3000,,'',0,7000,,'',0,3000,,'',0,7000,,'',0,2500,,'',0,2000,,'',0,6000,,'',0,2000,,'',0,2000,,'',0,6000,,'',0,2000,,'',0,2000,,'',0,6000,,'',0,2000,,'',0,2000,,'',0,6000,,'',0,2000,,'',0,2000,,'',0,6000,,'',0,2000,,'',0,2000,,'',0,6000,,'',0,2000,,'',0,2000,,'',0,6000,,'',0,2000,,'',0,2000,,'',0,6000,,'',0,2000,,'',0,2000,,'',0,6000,,'',0,2000,,'',0,7000,,'',0,3000,,'',0,7000,,'',0,3000,,'',0,7000,,'',0,3000,,'',0,7000,,'',0,3000,,'',0,7000,,'',0,3000,,'',0,7000,,'',0,3000,,'',0,7000,,'',0,3000,,'',0
'6',551501,53500,4,'',0,6900,4,'',0,3300,4,'',0,7000,4,'',0,3000,4,'',0,7000,4,'',0,3000,4,'',0,7000,4,'',0,3000,4,'',0,2000,4,'',0,6500,4,'',0,2000,4,'',0,6000,4,'',0,2000,4,'',0,2000,4,'',0,6000,4,'',0,2200,4,'',0,2000,4,'',0,6000,4,'',0,1500,4,'',0,2000,4,'',0,2000,4,'',0,6000,4,'',0,2000,4,'',0,2000,4,'',0,6000,4,'',0,2000,4,'',0,2000,4,'',0,6000,4,'',0,2000,4,'',0,2000,4,'',0,6000,4,'',0,2000,4,'',0,2000,4,'',0,6000,4,'',0,2100,4,'',0,7000,4,'',0,3000,4,'',0,7000,4,'',0,3000,4,'',0,7000,4,'',0,2600,4,'',0,7000,4,'',0,3000,4,'',0,7000,4,'',0,3000,4,'',0,2200,4,'',0,9900,4,'',0
