568700,3181,1,0,0
568700,355765,2,0,0
568700,356208,3,0,0
568700,2119,4,0,0
568700,2117,5,0,0
568700,2116,6,0,0
568700,2165,7,0,0
568700,356290,8,0,0
568700,2139,9,0,0
568700,2123,10,0,0
568700,2144,11,0,0
568700,2162,12,0,0
568700,2145,13,0,0
568700,2190,14,0,0
568700,2185,15,0,0
568700,2661,16,0,0
568700,2658,17,0,0
568700,2654,18,0,0
568700,2659,19,0,0
568700,1973,20,0,0
568700,1971,21,0,0
568700,2041,22,0,0
568700,2045,23,0,0
568700,2146,24,0,0
568700,2148,25,0,0
568700,2136,26,0,0
568700,356275,27,0,0
568700,2156,28,0,0
568700,2159,29,0,0
568700,2127,30,0,0
568700,2121,31,0,0
568700,2149,32,0,0
568700,2088,33,0,0
568700,355415,34,0,0
568700,1790,35,0,0
568700,356010,36,0,0
568700,356262,37,0,0
568700,2112,38,0,0
568700,2109,39,0,0
568700,2080,40,0,0
568700,2098,41,0,0
568700,2113,42,0,0
568700,356265,43,0,0
568700,356266,44,0,0
568700,356067,45,0,0
568700,2072,46,0,0
568700,2071,47,0,0
568700,2075,48,0,0
568700,2078,49,0,0
568700,2085,50,0,0
568700,2097,51,0,0
568700,356118,52,0,0
568700,2101,53,0,0
568700,2103,54,0,0
568700,2087,55,0,0
568700,2090,56,0,0
568700,2095,57,0,0
568700,2076,58,0,0
568700,2108,59,0,0
568700,2081,60,0,0
568700,2496,61,0,0
568700,2497,62,0,0
568700,2510,63,0,0
568700,2517,64,0,0
568700,2498,65,0,0
568700,2520,66,0,0
568700,2485,67,0,0
568700,2525,68,0,0
568700,355947,69,0,0
568700,2515,70,0,0
568700,2495,71,0,0
568700,2489,72,0,0
568700,1403,73,1,1
568701,1403,1,0,0
568701,2511,2,0,0
568701,2488,3,0,0
568701,2514,4,0,0
568701,355946,5,0,0
568701,2524,6,0,0
568701,2518,7,0,0
568701,2519,8,0,0
568701,2493,9,0,0
568701,2516,10,0,0
568701,2509,11,0,0
568701,2523,12,0,0
568701,2522,13,0,0
568701,2107,14,0,0
568701,2111,15,0,0
568701,2077,16,0,0
568701,2084,17,0,0
568701,2094,18,0,0
568701,2114,19,0,0
568701,2086,20,0,0
568701,2102,21,0,0
568701,2100,22,0,0
568701,2073,23,0,0
568701,2096,24,0,0
568701,1896,25,0,0
568701,1902,26,0,0
568701,1907,27,0,0
568701,356065,28,0,0
568701,1905,29,0,0
568701,1943,30,0,0
568701,1911,31,0,0
568701,1945,32,0,0
568701,1942,33,0,0
568701,1951,34,0,0
568701,1944,35,0,0
568701,1904,36,0,0
568701,1946,37,0,0
568701,1950,38,0,0
568701,1906,39,0,0
568701,1947,40,0,0
568701,1898,41,0,0
568701,1914,42,0,0
568701,1964,43,0,0
568701,1955,44,0,0
568701,1960,45,0,0
568701,356108,46,0,0
568701,1976,47,0,0
568701,1979,48,0,0
568701,1962,49,0,0
568701,1969,50,0,0
568701,1967,51,0,0
568701,1959,52,0,0
568701,1972,53,0,0
568701,1978,54,0,0
568701,2660,55,0,0
568701,2655,56,0,0
568701,356184,57,0,0
568701,2663,58,0,0
568701,2186,59,0,0
568701,2189,60,0,0
568701,2138,61,0,0
568701,2154,62,0,0
568701,2143,63,0,0
568701,355954,64,0,0
568701,2164,65,0,0
568701,2163,66,0,0
568701,356293,67,0,0
568701,356289,68,0,0
568701,2166,69,0,0
568701,2115,70,0,0
568701,2118,71,0,0
568701,2120,72,0,0
568701,3145,73,0,0
568701,3181,74,1,1
568701,1771,75,0,0
568701,355415,76,1,1
568800,355415,1,0,0
568800,1790,2,0,0
568800,355762,3,0,0
568800,355427,4,0,0
568800,355428,5,0,0
568800,355429,6,0,0
568800,356011,7,0,0
568800,1093,8,0,0
568800,1069,9,0,0
568800,1125,10,0,0
568800,355505,11,0,0
568800,1066,12,0,0
568800,1111,13,0,0
568800,1127,14,0,0
568800,1108,15,0,0
568800,1051,16,0,0
568800,1060,17,0,0
568800,1109,18,0,0
568800,1045,19,0,0
568800,355811,20,0,0
568800,1087,21,0,0
568800,1073,22,0,0
568800,1056,23,0,0
568800,1050,24,0,0
568800,1105,25,0,0
568800,356102,26,0,0
568800,1044,27,0,0
568800,1071,28,0,0
568800,1103,29,0,0
568800,1081,30,0,0
568800,1077,31,0,0
568800,356117,32,0,0
568800,1067,33,0,0
568800,1113,34,0,0
568800,1116,35,0,0
568800,2208,36,0,0
568800,356094,37,0,0
568800,2203,38,0,0
568800,2207,39,0,0
568800,2205,40,0,0
568800,3197,41,0,0
568800,356217,42,0,0
568800,1115,43,0,0
568800,1095,44,0,0
568800,1083,45,0,0
568800,1058,46,0,0
568800,1102,47,0,0
568800,1041,48,0,0
568800,1085,49,0,0
568800,1053,50,0,0
568800,1117,51,0,0
568800,1042,52,0,0
568800,356055,53,1,1
568801,356055,1,0,0
568801,355288,2,0,0
568801,1055,3,0,0
568801,1054,4,0,0
568801,1086,5,0,0
568801,1040,6,0,0
568801,1063,7,0,0
568801,1059,8,0,0
568801,356218,9,0,0
568801,1084,10,0,0
568801,1096,11,0,0
568801,356288,12,0,0
568801,3196,13,0,0
568801,2209,14,0,0
568801,2206,15,0,0
568801,2204,16,0,0
568801,2210,17,0,0
568801,1101,18,0,0
568801,1043,19,0,0
568801,1120,20,0,0
568801,1114,21,0,0
568801,355413,22,0,0
568801,1062,23,0,0
568801,1078,24,0,0
568801,1082,25,0,0
568801,1104,26,0,0
568801,1072,27,0,0
568801,1070,28,0,0
568801,1099,29,0,0
568801,1106,30,0,0
568801,1089,31,0,0
568801,1057,32,0,0
568801,1074,33,0,0
568801,1088,34,0,0
568801,1091,35,0,0
568801,1046,36,0,0
568801,1110,37,0,0
568801,1064,38,0,0
568801,1052,39,0,0
568801,1094,40,0,0
568801,1107,41,0,0
568801,1126,42,0,0
568801,1112,43,0,0
568801,1065,44,0,0
568801,1118,45,0,0
568801,1124,46,0,0
568801,1068,47,0,0
568801,1092,48,0,0
568801,1079,49,0,0
568801,1737,50,0,0
568801,1736,51,0,0
568801,1744,52,0,0
568801,356219,53,0,0
568801,1771,54,0,0
568801,355415,55,1,1
568900,355432,1,0,0
568900,1790,2,0,0
568900,355762,3,0,0
568900,355427,4,0,0
568900,3128,5,0,0
568900,3129,6,0,0
568900,3139,7,0,0
568900,3138,8,0,0
568900,3130,9,0,0
568900,3136,10,0,0
568900,3140,11,0,0
568900,3133,12,0,0
568900,3137,13,0,0
568900,3131,14,0,0
568900,3135,15,0,0
568900,2641,16,0,0
568900,1247,17,0,0
568900,1267,18,0,0
568900,356100,19,0,0
568900,1261,20,0,0
568900,1254,21,0,0
568900,1249,22,0,0
568900,355831,23,0,0
568900,1269,24,0,0
568900,1256,25,0,0
568900,1259,26,0,0
568900,1271,27,0,0
568900,1265,28,0,0
568900,1252,29,0,0
568900,1193,30,0,0
568900,1190,31,0,0
568900,1192,32,0,0
568900,355690,33,0,0
568900,2572,34,0,0
568900,2567,35,0,0
568900,2563,36,0,0
568900,2569,37,0,0
568900,2561,38,0,0
568900,2565,39,0,0
568900,1182,40,0,0
568900,2543,41,1,1
568901,2543,1,0,0
568901,2544,2,0,0
568901,2562,3,0,0
568901,2570,4,0,0
568901,2566,5,0,0
568901,2573,6,0,0
568901,2571,7,0,0
568901,2728,8,0,0
568901,1191,9,0,0
568901,356053,10,0,0
568901,1253,11,0,0
568901,1266,12,0,0
568901,1272,13,0,0
568901,1260,14,0,0
568901,1257,15,0,0
568901,355830,16,0,0
568901,1273,17,0,0
568901,1250,18,0,0
568901,1255,19,0,0
568901,1262,20,0,0
568901,356099,21,0,0
568901,1268,22,0,0
568901,1248,23,0,0
568901,1275,24,0,0
568901,1263,25,0,0
568901,1251,26,0,0
568901,1274,27,0,0
568901,1278,28,0,0
568901,1276,29,0,0
568901,1258,30,0,0
568901,1277,31,0,0
568901,355437,32,0,0
568901,355438,33,0,0
568901,355439,34,0,0
568901,355440,35,0,0
568901,1736,36,0,0
568901,1744,37,0,0
568901,356219,38,0,0
568901,1771,39,0,0
568901,355432,40,1,1
569000,1768,1,0,0
569000,1758,2,0,0
569000,1711,3,0,0
569000,1712,4,0,0
569000,1707,5,0,0
569000,1147,6,0,0
569000,355565,7,0,0
569000,3218,8,0,0
569000,355727,9,0,0
569000,355309,10,0,0
569000,356227,11,0,0
569000,1740,12,0,0
569000,1746,13,0,0
569000,1742,14,0,0
569000,1748,15,0,0
569000,1735,16,0,0
569000,1214,17,0,0
569000,356274,18,0,0
569000,1207,19,0,0
569000,1232,20,0,0
569000,3083,21,0,0
569000,1478,22,0,0
569000,3078,23,0,0
569000,1231,24,0,0
569000,1239,25,0,0
569000,1235,26,0,0
569000,1211,27,0,0
569000,1218,28,0,0
569000,1202,29,0,0
569000,1225,30,0,0
569000,1215,31,0,0
569000,1237,32,0,0
569000,1204,33,0,0
569000,1498,34,0,0
569000,1494,35,0,0
569000,1496,36,0,0
569000,1175,37,0,0
569000,1180,38,0,0
569000,1376,39,0,0
569000,1373,40,0,0
569000,1223,41,0,0
569000,1220,42,0,0
569000,1196,43,0,0
569000,1197,44,0,0
569000,1226,45,0,0
569000,1209,46,0,0
569000,355945,47,0,0
569000,1228,48,0,0
569000,355291,49,0,0
569000,1200,50,0,0
569000,1221,51,0,0
569000,1562,52,0,0
569000,1556,53,0,0
569000,1560,54,0,0
569000,1558,55,0,0
569000,1564,56,0,0
569000,356162,57,0,0
569000,3198,58,0,0
569000,355284,59,0,0
569000,3192,60,0,0
569000,356217,61,0,0
569000,1115,62,0,0
569000,1095,63,0,0
569000,2321,64,0,0
569000,2320,65,0,0
569000,2322,66,0,0
569000,2331,67,0,0
569000,2327,68,0,0
569000,2317,69,0,0
569000,2332,70,0,0
569000,2329,71,0,0
569000,1893,72,0,0
569000,2534,73,0,0
569000,2536,74,0,0
569000,2529,75,0,0
569000,2527,76,0,0
569000,2537,77,0,0
569000,2540,78,0,0
569000,2531,79,0,0
569000,1632,80,0,0
569000,1628,81,0,0
569000,1631,82,0,0
569000,2307,83,0,0
569000,2301,84,0,0
569000,2299,85,0,0
569000,2309,86,1,1
569001,2309,1,0,0
569001,2300,2,0,0
569001,2302,3,0,0
569001,2308,4,0,0
569001,1630,5,0,0
569001,1627,6,0,0
569001,1638,7,0,0
569001,1625,8,0,0
569001,2530,9,0,0
569001,2539,10,0,0
569001,2538,11,0,0
569001,2526,12,0,0
569001,2528,13,0,0
569001,2535,14,0,0
569001,2533,15,0,0
569001,2330,16,0,0
569001,355258,17,0,0
569001,2318,18,0,0
569001,2326,19,0,0
569001,2328,20,0,0
569001,2325,21,0,0
569001,2323,22,0,0
569001,2319,23,0,0
569001,2324,24,0,0
569001,2315,25,0,0
569001,1096,26,0,0
569001,356288,27,0,0
569001,3200,28,0,0
569001,355280,29,0,0
569001,3199,30,0,0
569001,3194,31,0,0
569001,1559,32,0,0
569001,1561,33,0,0
569001,1557,34,0,0
569001,1563,35,0,0
569001,1222,36,0,0
569001,1201,37,0,0
569001,1199,38,0,0
569001,1229,39,0,0
569001,1212,40,0,0
569001,1208,41,0,0
569001,1227,42,0,0
569001,356057,43,0,0
569001,1721,44,0,0
569001,1377,45,0,0
569001,1374,46,0,0
569001,1375,47,0,0
569001,1372,48,0,0
569001,1176,49,0,0
569001,1497,50,0,0
569001,1495,51,0,0
569001,1500,52,0,0
569001,1720,53,0,0
569001,1236,54,0,0
569001,1224,55,0,0
569001,1203,56,0,0
569001,1219,57,0,0
569001,1210,58,0,0
569001,1234,59,0,0
569001,1238,60,0,0
569001,1230,61,0,0
569001,3080,62,0,0
569001,3083,63,0,0
569001,1478,64,0,0
569001,3078,65,0,0
569001,1233,66,0,0
569001,356085,67,0,0
569001,1216,68,0,0
569001,1213,69,0,0
569001,1749,70,0,0
569001,1743,71,0,0
569001,1747,72,0,0
569001,1741,73,0,0
569001,1737,74,0,0
569001,1736,75,0,0
569001,1744,76,0,0
569001,1768,77,1,1
569100,1866,1,0,0
569100,1879,2,0,0
569100,1880,3,0,0
569100,1867,4,0,0
569100,1872,5,0,0
569100,1888,6,0,0
569100,1877,7,0,0
569100,1874,8,0,0
569100,1884,9,0,0
569100,1890,10,0,0
569100,1885,11,0,0
569100,1881,12,0,0
569100,1891,13,0,0
569100,1869,14,0,0
569100,356271,15,0,0
569100,355942,16,0,0
569100,1931,17,0,0
569100,2653,18,0,0
569100,2652,19,0,0
569100,1927,20,0,0
569100,1893,21,0,0
569100,2309,22,0,0
569100,2300,23,0,0
569100,2302,24,0,0
569100,2308,25,0,0
569100,1630,26,0,0
569100,1627,27,0,0
569100,1638,28,0,0
569100,1625,29,0,0
569100,2530,30,0,0
569100,2539,31,0,0
569100,2538,32,0,0
569100,2526,33,0,0
569100,2528,34,0,0
569100,2535,35,0,0
569100,1937,36,0,0
569100,1908,37,0,0
569100,1934,38,0,0
569100,1926,39,0,0
569100,355297,40,0,0
569100,1932,41,0,0
569100,1912,42,0,0
569100,1948,43,0,0
569100,1626,44,0,0
569100,1321,45,0,0
569100,1325,46,0,0
569100,1322,47,0,0
569100,1324,48,0,0
569100,1323,49,0,0
569100,1900,50,0,0
569100,1939,51,0,0
569100,1941,52,0,0
569100,1897,53,0,0
569100,1919,54,0,0
569100,1952,55,0,0
569100,2445,56,0,0
569100,1803,57,0,0
569100,1806,58,0,0
569100,1801,59,0,0
569100,2007,60,0,0
569100,2008,61,0,0
569100,2003,62,0,0
569100,2001,63,0,0
569100,1504,64,0,0
569100,1502,65,0,0
569100,2172,66,0,0
569100,2168,67,0,0
569100,2174,68,0,0
569100,2176,69,0,0
569100,2170,70,0,0
569100,2175,71,0,0
569100,1365,72,0,0
569100,1363,73,0,0
569100,1368,74,0,0
569100,1370,75,0,0
569100,2669,76,0,0
569100,2667,77,0,0
569100,2665,78,0,0
569100,2670,79,0,0
569100,2672,80,0,0
569100,1705,81,0,0
569100,1706,82,0,0
569100,1704,83,0,0
569100,1790,84,0,0
569100,1916,85,0,0
569100,356209,86,0,0
569100,1917,87,0,0
569100,1964,88,0,0
569100,1955,89,0,0
569100,1960,90,0,0
569100,356108,91,0,0
569100,1976,92,0,0
569100,1979,93,0,0
569100,1962,94,0,0
569100,1969,95,0,0
569100,2371,96,0,0
569100,2147,97,0,0
569100,2155,98,0,0
569100,2153,99,0,0
569100,2141,100,0,0
569100,2133,101,0,0
569100,2126,102,0,0
569100,2138,103,0,0
569100,2154,104,0,0
569100,2143,105,0,0
569100,355954,106,0,0
569100,2164,107,0,0
569100,2163,108,0,0
569100,355969,109,0,0
569100,2352,110,0,0
569100,355970,111,0,0
569100,2646,112,0,0
569100,2644,113,0,0
569100,2343,114,0,0
569100,2339,115,0,0
569100,1603,116,0,0
569100,1381,117,0,0
569100,1385,118,0,0
569100,1383,119,0,0
569100,1359,120,0,0
569100,1360,121,0,0
569100,1843,122,0,0
569100,1839,123,0,0
569100,1852,124,0,0
569100,1844,125,0,0
569100,1845,126,0,0
569100,1854,127,0,0
569100,1855,128,0,0
569100,1851,129,0,0
569100,3087,130,0,0
569100,3086,131,0,0
569100,3088,132,0,0
569100,2212,133,0,0
569100,1644,134,0,0
569100,1645,135,1,1
569100,1608,136,0,0
569100,1593,137,0,0
569100,1596,138,0,0
569100,356039,139,0,0
569100,1595,140,0,0
569100,1606,141,0,0
569100,1598,142,0,0
569100,356037,143,1,1
569100,1967,144,0,0
569100,1959,145,0,0
569100,1972,146,0,0
569100,1978,147,0,0
569100,2660,148,0,0
569100,2655,149,0,0
569100,356184,150,0,0
569100,2663,151,0,0
569100,2186,152,0,0
569100,2189,153,0,0
569100,355742,154,0,0
569100,1416,155,0,0
569100,1412,156,0,0
569100,355743,157,0,0
569100,3120,158,0,0
569100,3127,159,0,0
569100,3118,160,0,0
569100,3122,161,0,0
569100,3125,162,0,0
569100,3123,163,0,0
569100,2166,164,0,0
569100,2115,165,0,0
569100,2118,166,0,0
569100,2120,167,0,0
569100,3145,168,0,0
569100,3180,169,0,0
569100,3165,170,0,0
569100,3170,171,0,0
569100,2560,172,0,0
569100,2557,173,0,0
569100,2276,174,0,0
569100,2193,175,0,0
569100,2191,176,0,0
569100,1576,177,0,0
569100,1568,178,0,0
569100,1574,179,0,0
569100,1570,180,0,0
569100,2338,181,0,0
569100,2180,182,0,0
569100,2184,183,1,1
569101,356037,1,0,0
569101,2432,2,0,0
569101,2430,3,0,0
569101,1361,4,0,0
569101,1605,5,0,0
569101,1594,6,0,0
569101,355972,7,0,0
569101,356040,8,0,0
569101,1597,9,0,0
569101,1592,10,0,0
569101,1607,11,0,0
569101,1645,12,0,0
569101,2213,13,0,0
569101,1643,14,0,0
569101,1185,15,0,0
569101,1856,16,0,0
569101,1850,17,0,0
569101,1847,18,0,0
569101,1846,19,0,0
569101,1848,20,0,0
569101,1849,21,0,0
569101,1840,22,0,0
569101,1842,23,0,0
569101,1841,24,0,0
569101,1358,25,0,0
569101,1382,26,0,0
569101,1384,27,0,0
569101,355943,28,0,0
569101,2340,29,0,0
569101,2342,30,0,0
569101,2643,31,0,0
569101,356268,32,0,0
569101,355971,33,0,0
569101,2130,34,0,0
569101,2139,35,0,0
569101,2123,36,0,0
569101,2144,37,0,0
569101,2162,38,0,0
569101,2145,39,0,0
569101,2137,40,0,0
569101,2125,41,0,0
569101,2132,42,0,0
569101,2140,43,0,0
569101,2134,44,0,0
569101,2124,45,0,0
569101,2184,46,0,0
569101,1569,47,0,0
569101,1567,48,0,0
569101,1575,49,0,0
569101,1573,50,0,0
569101,2194,51,0,0
569101,2192,52,0,0
569101,2558,53,0,0
569101,3173,54,0,0
569101,3169,55,0,0
569101,3166,56,0,0
569101,355765,57,0,0
569101,356208,58,0,0
569101,2119,59,0,0
569101,2117,60,0,0
569101,2116,61,0,0
569101,2165,62,0,0
569101,3113,63,0,0
569101,3124,64,0,0
569101,3121,65,0,0
569101,3117,66,0,0
569101,3126,67,0,0
569101,3114,68,0,0
569101,3119,69,0,0
569101,3115,70,0,0
569101,1413,71,0,0
569101,1417,72,0,0
569101,1415,73,0,0
569101,1411,74,0,0
569101,2190,75,0,0
569101,2185,76,0,0
569101,2661,77,0,0
569101,2658,78,0,0
569101,2654,79,0,0
569101,2659,80,0,0
569101,1973,81,0,0
569101,1971,82,0,0
569101,2041,83,0,0
569101,2045,84,0,0
569101,2146,85,0,0
569101,2148,86,0,0
569101,2136,87,0,0
569101,356275,88,0,0
569101,2156,89,0,0
569101,2159,90,0,0
569101,2127,91,0,0
569101,2121,92,0,0
569101,2151,93,0,0
569101,2088,94,0,0
569101,2093,95,0,0
569101,356262,96,0,0
569101,2112,97,0,0
569101,3089,98,0,0
569101,2671,99,0,0
569101,2666,100,0,0
569101,2668,101,0,0
569101,2673,102,0,0
569101,1366,103,0,0
569101,356013,104,0,0
569101,1364,105,0,0
569101,1369,106,0,0
569101,2169,107,0,0
569101,2177,108,0,0
569101,2173,109,0,0
569101,2167,110,0,0
569101,356154,111,0,0
569101,1501,112,0,0
569101,1503,113,0,0
569101,2002,114,0,0
569101,2006,115,0,0
569101,2005,116,0,0
569101,2556,117,0,0
569101,1800,118,0,0
569101,1805,119,0,0
569101,1802,120,0,0
569101,1804,121,0,0
569101,1953,122,0,0
569101,1921,123,0,0
569101,1920,124,0,0
569101,356098,125,0,0
569101,1940,126,0,0
569101,2554,127,0,0
569101,2552,128,0,0
569101,2555,129,0,0
569101,2551,130,0,0
569101,2550,131,0,0
569101,2553,132,0,0
569101,355567,133,0,0
569101,1626,134,1,1
569101,1954,135,0,0
569101,1901,136,0,0
569101,1949,137,0,0
569101,1923,138,0,0
569101,1933,139,0,0
569101,355298,140,0,0
569101,1925,141,0,0
569101,1935,142,0,0
569101,1909,143,0,0
569101,1938,144,0,0
569101,1928,145,0,0
569101,2653,146,0,0
569101,2652,147,0,0
569101,1910,148,0,0
569101,1629,149,0,0
569101,1636,150,0,0
569101,1637,151,0,0
569101,1635,152,0,0
569101,1634,153,0,0
569101,1624,154,0,0
569101,355973,155,0,0
569101,1632,156,0,0
569101,1628,157,0,0
569101,1631,158,0,0
569101,2307,159,0,0
569101,2301,160,0,0
569101,2299,161,0,0
569101,2309,162,1,1
569101,1899,163,0,0
569101,1876,164,0,0
569101,1870,165,0,0
569101,1892,166,0,0
569101,1882,167,0,0
569101,1886,168,0,0
569101,1887,169,1,0
569101,1883,170,0,0
569101,1871,171,0,0
569101,1878,172,0,0
569101,1889,173,0,0
569101,1873,174,0,0
569101,1868,175,0,0
569101,1621,176,0,0
569101,1620,177,0,0
569101,1685,178,0,0
569101,1866,179,1,1
569200,1739,1,0,0
569200,1771,2,0,0
569200,1751,3,0,0
569200,356210,4,0,0
569200,1380,5,0,0
569200,2400,6,0,0
569200,1300,7,0,0
569200,1301,8,0,0
569200,1303,9,0,0
569200,2452,10,0,0
569200,2454,11,0,0
569200,1006,12,0,0
569200,1008,13,0,0
569200,1003,14,0,0
569200,1004,15,0,0
569200,1011,16,0,0
569200,1014,17,0,0
569200,355939,18,0,0
569200,2044,19,0,0
569200,2046,20,0,0
569200,2042,21,0,0
569200,2035,22,0,0
569200,2037,23,0,0
569200,2036,24,0,0
569200,2038,25,1,1
569201,2038,1,0,0
569201,2049,2,0,0
569201,2047,3,0,0
569201,355941,4,0,0
569201,355262,5,0,0
569201,2041,6,0,0
569201,2045,7,0,0
569201,355940,8,0,0
569201,1013,9,0,0
569201,1001,10,0,0
569201,1005,11,0,0
569201,1002,12,0,0
569201,1015,13,0,0
569201,1007,14,0,0
569201,1012,15,0,0
569201,1651,16,0,0
569201,1654,17,0,0
569201,1649,18,0,0
569201,1648,19,0,0
569201,1650,20,0,0
569201,2062,21,0,0
569201,2065,22,0,0
569201,2063,23,0,0
569201,2061,24,0,0
569201,1184,25,0,0
569201,1037,26,0,0
569201,355925,27,0,0
569201,1790,28,0,0
569201,355762,29,0,0
569201,2541,30,0,0
569201,1739,31,1,1
569300,1739,1,0,0
569300,1758,2,0,0
569300,1711,3,0,0
569300,1712,4,0,0
569300,1707,5,0,0
569300,1709,6,0,0
569300,1714,7,0,0
569300,1713,8,0,0
569300,1710,9,0,0
569300,2034,10,0,0
569300,2032,11,0,0
569300,1299,12,0,0
569300,1302,13,0,0
569300,355720,14,0,0
569300,1390,15,0,0
569300,1392,16,0,0
569300,1394,17,0,0
569300,1395,18,1,1
569301,1395,1,0,0
569301,1393,2,0,0
569301,1396,3,0,0
569301,1389,4,0,0
569301,1397,5,0,0
569301,355760,6,0,0
569301,1304,7,0,0
569301,1306,8,0,0
569301,355734,9,0,0
569301,2033,10,0,0
569301,2156,11,0,0
569301,2159,12,0,0
569301,2127,13,0,0
569301,1147,14,0,0
569301,355565,15,0,0
569301,3218,16,0,0
569301,355727,17,0,0
569301,1739,18,0,0
569301,1768,19,1,1
569400,1768,1,0,0
569400,1758,2,0,0
569400,1711,3,0,0
569400,1712,4,0,0
569400,1707,5,0,0
569400,1147,6,0,0
569400,355565,7,0,0
569400,1149,8,0,0
569400,1264,9,0,0
569400,356296,10,0,0
569400,356294,11,0,0
569400,3215,12,0,0
569400,1387,13,0,0
569400,1388,14,0,0
569400,2726,15,1,1
569401,2726,1,0,0
569401,2724,2,0,0
569401,356362,3,0,0
569401,356360,4,0,0
569401,356361,5,0,0
569401,356160,6,0,0
569401,3214,7,0,0
569401,3203,8,0,0
569401,3218,9,0,0
569401,355727,10,0,0
569401,1739,11,1,1
569500,1768,1,0,0
569500,1758,2,0,0
569500,1711,3,0,0
569500,1712,4,0,0
569500,1707,5,0,0
569500,1147,6,0,0
569500,355565,7,0,0
569500,1149,8,0,0
569500,1264,9,0,0
569500,356296,10,0,0
569500,356294,11,0,0
569500,3215,12,0,0
569500,356297,13,0,0
569500,356298,14,0,0
569500,356295,15,0,0
569500,3207,16,0,0
569500,3224,17,0,0
569500,3202,18,0,0
569500,2436,19,0,0
569500,2434,20,0,0
569500,1188,21,0,0
569500,2648,22,0,0
569500,3189,23,0,0
569500,1695,24,0,0
569500,1694,25,1,1
569501,1694,1,0,0
569501,2433,2,0,0
569501,2647,3,0,0
569501,2435,4,0,0
569501,2437,5,0,0
569501,2438,6,0,0
569501,3223,7,0,0
569501,3206,8,0,0
569501,3208,9,0,0
569501,356300,10,0,0
569501,3226,11,0,0
569501,356360,12,0,0
569501,356361,13,0,0
569501,356160,14,0,0
569501,3214,15,0,0
569501,3203,16,0,0
569501,3218,17,0,0
569501,355727,18,0,0
569501,1744,19,0,0
569501,1768,20,1,1
569600,356299,1,0,0
569600,2130,2,0,0
569600,2137,3,0,0
569600,2146,4,0,0
569600,2136,5,0,0
569600,2159,6,0,0
569600,2149,7,0,0
569600,2093,8,0,0
569600,2112,9,0,0
569600,2113,10,0,0
569600,356067,11,0,0
569600,2071,12,0,0
569600,2097,13,0,0
569600,2101,14,0,0
569600,2095,15,0,0
569600,2517,16,0,0
569600,2515,17,0,0
569600,1400,18,1,1
569601,1400,1,0,0
569601,2514,2,0,0
569601,2516,3,0,0
569601,2094,4,0,0
569601,2100,5,0,0
569601,2096,6,0,0
569601,356065,7,0,0
569601,1943,8,0,0
569601,1951,9,0,0
569601,1950,10,0,0
569601,1916,11,0,0
569601,356209,12,0,0
569601,356108,13,0,0
569601,1962,14,0,0
569601,2147,15,0,0
569601,2138,16,0,0
569601,355969,17,0,0
569601,356299,18,1,1
569700,1781,1,0,0
569700,1409,2,0,0
569700,1984,3,0,0
569700,1986,4,0,0
569700,1994,5,0,0
569700,1990,6,0,0
569700,1988,7,0,0
569700,356171,8,0,0
569700,1982,9,0,0
569700,1243,10,0,0
569700,1242,11,0,0
569700,1407,12,0,0
569700,355457,13,0,0
569700,1153,14,0,0
569700,1170,15,0,0
569700,1160,16,0,0
569700,1164,17,0,0
569700,1166,18,0,0
569700,1161,19,0,0
569700,356111,20,0,0
569700,1171,21,0,0
569700,355964,22,0,0
569700,355938,23,0,0
569700,1150,24,0,0
569700,1174,25,0,0
569700,3190,26,0,0
569700,1559,27,0,0
569700,1561,28,0,0
569700,1557,29,0,0
569700,1563,30,0,0
569700,2416,31,0,0
569700,2404,32,0,0
569700,2408,33,0,0
569700,2411,34,0,0
569700,2402,35,0,0
569700,2417,36,0,0
569700,2406,37,0,0
569700,2422,38,0,0
569700,2409,39,0,0
569700,2413,40,0,0
569700,2420,41,0,0
569700,2424,42,0,0
569700,2427,43,0,0
569700,2426,44,0,0
569700,355298,45,0,0
569700,2305,46,0,0
569700,2298,47,0,0
569700,2295,48,0,0
569700,2303,49,0,0
569700,356215,50,0,0
569700,2396,51,0,0
569700,356014,52,0,0
569700,2385,53,0,0
569700,2387,54,0,0
569700,2390,55,0,0
569700,356281,56,1,1
569701,356281,1,0,0
569701,356151,2,0,0
569701,356150,3,0,0
569701,2384,4,0,0
569701,356375,5,0,0
569701,2382,6,0,0
569701,2375,7,0,0
569701,2378,8,0,0
569701,2389,9,0,0
569701,3183,10,0,0
569701,3186,11,0,0
569701,3188,12,0,0
569701,2373,13,0,0
569701,2395,14,0,0
569701,355896,15,0,0
569701,355295,16,0,0
569701,2304,17,0,0
569701,2296,18,0,0
569701,2297,19,0,0
569701,2306,20,0,0
569701,355297,21,0,0
569701,1932,22,0,0
569701,2428,23,0,0
569701,2425,24,0,0
569701,2429,25,0,0
569701,2414,26,0,0
569701,2410,27,0,0
569701,2423,28,0,0
569701,2407,29,0,0
569701,2418,30,0,0
569701,356302,31,0,0
569701,2412,32,0,0
569701,2421,33,0,0
569701,2419,34,0,0
569701,2405,35,0,0
569701,2415,36,0,0
569701,1562,37,0,0
569701,1556,38,0,0
569701,1560,39,0,0
569701,1558,40,0,0
569701,1564,41,0,0
569701,3191,42,0,0
569701,1173,43,0,0
569701,1154,44,0,0
569701,1152,45,0,0
569701,1172,46,0,0
569701,1167,47,0,0
569701,1156,48,0,0
569701,1162,49,0,0
569701,1163,50,0,0
569701,1159,51,0,0
569701,1169,52,0,0
569701,1165,53,0,0
569701,1158,54,0,0
569701,1408,55,0,0
569701,1243,56,0,0
569701,1242,57,0,0
569701,356167,58,0,0
569701,1997,59,0,0
569701,356168,60,0,0
569701,1989,61,0,0
569701,1991,62,0,0
569701,355903,63,0,0
569701,1995,64,0,0
569701,1987,65,0,0
569701,1985,66,0,0
569701,1781,67,1,1
569800,355315,1,0,0
569800,355316,2,0,0
569800,355317,3,0,0
569800,355318,4,0,0
569800,355319,5,0,0
569800,3078,6,0,0
569800,1231,7,0,0
569800,1239,8,0,0
569800,1235,9,0,0
569800,356119,10,0,0
569800,355321,11,1,1
569801,355321,1,0,0
569801,355322,2,0,0
569801,355323,3,0,0
569801,355324,4,0,0
569801,355325,5,0,0
569801,355326,6,0,0
569801,355327,7,0,0
569801,2669,8,0,0
569801,2667,9,0,0
569801,2665,10,0,0
569801,2670,11,0,0
569801,355315,12,1,1
569900,355962,1,0,0
569900,1569,2,0,0
569900,1567,3,0,0
569900,1575,4,0,0
569900,1573,5,0,0
569900,2194,6,0,0
569900,2192,7,0,0
569900,2558,8,0,0
569900,3174,9,0,0
569900,3149,10,0,0
569900,3177,11,0,0
569900,3147,12,0,0
569900,3156,13,0,0
569900,3167,14,0,0
569900,3158,15,0,0
569900,3160,16,0,0
569900,3161,17,0,0
569900,3157,18,0,0
569900,3142,19,0,0
569900,3153,20,0,0
569900,1483,21,0,0
569900,1485,22,0,0
569900,1481,23,0,0
569900,1027,24,0,0
569900,355479,25,0,0
569900,1482,26,0,0
569900,1480,27,0,0
569900,1017,28,0,0
569900,1022,29,0,0
569900,1024,30,0,0
569900,1018,31,0,0
569900,1025,32,0,0
569900,3179,33,0,0
569900,3168,34,0,0
569900,2200,35,0,0
569900,2196,36,0,0
569900,2202,37,0,0
569900,2198,38,0,0
569900,1776,39,0,0
569900,1780,40,0,0
569900,1778,41,0,0
569900,2634,42,0,0
569900,2638,43,0,0
569900,2639,44,0,0
569900,355411,45,0,0
569900,2635,46,0,0
569900,1509,47,0,0
569900,356386,48,1,1
569901,356386,1,0,0
569901,356028,2,0,0
569901,355775,3,0,0
569901,3152,4,0,0
569901,356084,5,0,0
569901,2633,6,0,0
569901,2632,7,0,0
569901,1779,8,0,0
569901,1777,9,0,0
569901,2197,10,0,0
569901,2201,11,0,0
569901,2195,12,0,0
569901,2199,13,0,0
569901,3164,14,0,0
569901,3150,15,0,0
569901,3154,16,0,0
569901,3175,17,0,0
569901,3178,18,0,0
569901,3162,19,0,0
569901,1019,20,0,0
569901,1023,21,0,0
569901,1020,22,0,0
569901,1021,23,0,0
569901,1481,24,0,0
569901,1027,25,0,0
569901,355479,26,0,0
569901,1482,27,0,0
569901,1480,28,0,0
569901,1486,29,0,0
569901,1484,30,0,0
569901,1488,31,0,0
569901,3159,32,0,0
569901,356166,33,0,0
569901,3151,34,0,0
569901,356172,35,0,0
569901,3163,36,0,0
569901,3155,37,0,0
569901,3148,38,0,0
569901,3172,39,0,0
569901,2560,40,0,0
569901,2557,41,0,0
569901,2276,42,0,0
569901,2193,43,0,0
569901,2191,44,0,0
569901,1576,45,0,0
569901,1568,46,0,0
569901,1574,47,0,0
569901,1570,48,0,0
569901,2338,49,0,0
569901,2180,50,0,0
569901,355962,51,1,1
570000,356303,1,0,0
570000,356311,2,0,0
570000,356310,3,0,0
570000,355909,4,0,0
570000,356029,5,0,0
570000,356285,6,0,0
570000,355352,7,0,0
570000,355353,8,0,0
570000,355354,9,0,0
570000,355355,10,0,0
570000,355356,11,0,0
570000,356207,12,0,0
570000,355878,13,0,0
570000,355879,14,0,0
570000,355366,15,0,0
570000,355367,16,0,0
570000,355829,17,0,0
570000,355825,18,0,0
570000,355823,19,0,0
570000,355821,20,0,0
570000,356107,21,0,0
570000,356069,22,0,0
570000,356068,23,0,0
570000,356070,24,0,0
570000,355340,25,1,1
570001,355340,1,0,0
570001,356106,2,0,0
570001,355820,3,0,0
570001,355822,4,0,0
570001,355824,5,0,0
570001,355828,6,0,0
570001,355341,7,0,0
570001,355342,8,0,0
570001,355343,9,0,0
570001,356202,10,0,0
570001,356206,11,0,0
570001,355864,12,0,0
570001,355865,13,0,0
570001,355866,14,0,0
570001,355867,15,0,0
570001,356041,16,0,0
570001,356284,17,0,0
570001,356283,18,0,0
570001,356282,19,0,0
570001,355906,20,0,0
570001,356309,21,0,0
570001,356312,22,0,0
570001,356303,23,1,1
570100,356112,1,0,0
570100,356126,2,0,0
570100,356228,3,0,0
570100,1749,4,0,0
570100,1743,5,0,0
570100,1747,6,0,0
570100,1741,7,0,0
570100,1737,8,0,0
570100,1736,9,0,0
570100,1744,10,0,0
570100,355443,11,0,0
570100,1771,12,0,0
570100,1751,13,0,0
570100,356261,14,0,0
570100,3094,15,0,0
570100,3096,16,0,0
570100,355571,17,0,0
570100,355490,18,0,0
570100,2821,19,0,0
570100,2809,20,0,0
570100,2835,21,0,0
570100,2831,22,0,0
570100,2837,23,0,0
570100,355798,24,0,0
570100,356127,25,0,0
570100,356128,26,0,0
570100,355462,27,0,0
570100,356291,28,0,0
570100,356385,29,1,1
570101,356385,1,0,0
570101,356071,2,0,0
570101,356292,3,0,0
570101,355463,4,0,0
570101,356123,5,0,0
570101,356124,6,0,0
570101,355797,7,0,0
570101,355977,8,0,0
570101,2830,9,0,0
570101,2834,10,0,0
570101,2812,11,0,0
570101,2820,12,0,0
570101,355491,13,0,0
570101,355573,14,0,0
570101,3097,15,0,0
570101,3098,16,0,0
570101,3099,17,0,0
570101,356223,18,0,0
570101,356224,19,0,0
570101,356225,20,0,0
570101,356226,21,0,0
570101,356229,22,0,0
570101,355309,23,0,0
570101,356227,24,0,0
570101,1740,25,0,0
570101,1746,26,0,0
570101,1742,27,0,0
570101,1748,28,0,0
570101,1735,29,0,0
570101,355458,30,0,0
570101,356112,31,1,1
570200,356196,1,0,0
570200,1771,2,0,0
570200,1751,3,0,0
570200,356261,4,0,0
570200,3094,5,0,0
570200,3096,6,0,0
570200,355571,7,0,0
570200,1475,8,0,0
570200,1473,9,0,0
570200,1448,10,0,0
570200,1466,11,0,0
570200,1447,12,0,0
570200,1462,13,0,0
570200,1420,14,0,0
570200,1422,15,0,0
570200,1424,16,0,0
570200,1464,17,0,0
570200,1426,18,0,0
570200,1428,19,0,0
570200,1452,20,0,0
570200,1460,21,0,0
570200,1431,22,0,0
570200,1433,23,0,0
570200,1435,24,0,0
570200,1455,25,0,0
570200,1437,26,0,0
570200,1439,27,0,0
570200,1418,28,0,0
570200,1459,29,0,0
570200,1443,30,0,0
570200,1446,31,0,0
570200,1450,32,0,0
570200,1453,33,0,0
570200,2846,34,0,0
570200,2851,35,0,0
570200,2840,36,0,0
570200,2844,37,0,0
570200,2856,38,0,0
570200,2852,39,0,0
570200,2842,40,0,0
570200,2848,41,0,0
570200,2854,42,0,0
570200,2858,43,0,0
570200,2019,44,0,0
570200,356176,45,0,0
570200,355851,46,0,0
570200,356075,47,0,0
570200,355853,48,0,0
570200,2396,49,0,0
570200,356014,50,0,0
570200,3187,51,0,0
570200,355596,52,1,1
570201,355596,1,0,0
570201,2395,2,0,0
570201,355896,3,0,0
570201,355850,4,0,0
570201,355848,5,0,0
570201,356175,6,0,0
570201,2018,7,0,0
570201,2859,8,0,0
570201,2855,9,0,0
570201,2849,10,0,0
570201,2843,11,0,0
570201,2853,12,0,0
570201,2857,13,0,0
570201,2845,14,0,0
570201,2841,15,0,0
570201,2850,16,0,0
570201,2847,17,0,0
570201,1454,18,0,0
570201,1449,19,0,0
570201,1445,20,0,0
570201,1444,21,0,0
570201,1458,22,0,0
570201,1451,23,0,0
570201,1440,24,0,0
570201,1438,25,0,0
570201,1456,26,0,0
570201,1436,27,0,0
570201,1434,28,0,0
570201,1432,29,0,0
570201,1461,30,0,0
570201,1430,31,0,0
570201,1429,32,0,0
570201,1427,33,0,0
570201,1465,34,0,0
570201,1425,35,0,0
570201,1423,36,0,0
570201,1421,37,0,0
570201,1419,38,0,0
570201,1463,39,0,0
570201,1442,40,0,0
570201,1441,41,0,0
570201,1457,42,0,0
570201,1474,43,0,0
570201,355573,44,0,0
570201,3097,45,0,0
570201,3098,46,0,0
570201,3099,47,0,0
570201,2649,48,0,0
570201,355510,49,0,0
570201,355805,50,0,0
570201,355925,51,0,0
570201,1790,52,0,0
570201,356196,53,1,1
570300,356190,1,0,0
570300,1771,2,0,0
570300,1751,3,0,0
570300,356261,4,0,0
570300,2650,5,0,0
570300,1030,6,0,0
570300,2998,7,0,0
570300,3007,8,0,0
570300,2482,9,0,0
570300,2455,10,0,0
570300,356251,11,0,0
570300,2483,12,0,0
570300,2461,13,0,0
570300,2464,14,0,0
570300,2465,15,0,0
570300,2480,16,0,0
570300,2467,17,0,0
570300,2469,18,0,0
570300,2477,19,0,0
570300,2471,20,0,0
570300,2473,21,0,0
570300,2474,22,0,0
570300,2479,23,0,0
570300,2871,24,0,0
570300,2877,25,0,0
570300,2864,26,0,0
570300,2866,27,0,0
570300,2865,28,0,0
570300,2883,29,0,0
570300,2892,30,0,0
570300,2868,31,0,0
570300,356272,32,0,0
570300,356177,33,0,0
570300,2881,34,0,0
570300,2885,35,0,0
570300,2890,36,0,0
570300,2886,37,0,0
570300,2896,38,0,0
570300,2899,39,0,0
570300,2734,40,0,0
570300,1647,41,0,0
570300,1646,42,0,0
570300,2333,43,0,0
570300,2335,44,0,0
570300,2336,45,0,0
570300,355404,46,0,0
570300,355405,47,0,0
570300,356087,48,0,0
570300,356088,49,0,0
570300,356089,50,0,0
570300,356090,51,0,0
570300,356091,52,0,0
570300,355264,53,0,0
570300,355265,54,0,0
570300,355269,55,1,1
570301,355269,1,0,0
570301,2893,2,0,0
570301,2861,3,0,0
570301,2901,4,0,0
570301,2900,5,0,0
570301,2897,6,0,0
570301,2887,7,0,0
570301,2891,8,0,0
570301,2860,9,0,0
570301,2882,10,0,0
570301,2873,11,0,0
570301,2880,12,0,0
570301,2867,13,0,0
570301,2884,14,0,0
570301,2874,15,0,0
570301,2894,16,0,0
570301,2870,17,0,0
570301,2863,18,0,0
570301,2878,19,0,0
570301,2872,20,0,0
570301,355952,21,0,0
570301,2475,22,0,0
570301,2476,23,0,0
570301,2472,24,0,0
570301,356076,25,0,0
570301,2470,26,0,0
570301,2481,27,0,0
570301,2466,28,0,0
570301,2463,29,0,0
570301,2462,30,0,0
570301,2484,31,0,0
570301,356252,32,0,0
570301,2456,33,0,0
570301,3026,34,0,0
570301,355814,35,0,0
570301,2999,36,0,0
570301,1028,37,0,0
570301,355510,38,0,0
570301,355805,39,0,0
570301,355925,40,0,0
570301,1790,41,0,0
570301,356190,42,1,1
570400,356191,1,0,0
570400,1771,2,0,0
570400,1751,3,0,0
570400,356261,4,0,0
570400,2650,5,0,0
570400,1030,6,0,0
570400,1352,7,0,0
570400,1330,8,0,0
570400,1333,9,0,0
570400,1335,10,0,0
570400,1356,11,0,0
570400,1338,12,0,0
570400,1339,13,0,0
570400,1340,14,0,0
570400,1351,15,0,0
570400,355745,16,0,0
570400,1342,17,0,0
570400,1345,18,0,0
570400,1346,19,0,0
570400,355818,20,0,0
570400,2748,21,0,0
570400,2767,22,0,0
570400,2744,23,0,0
570400,2752,24,0,0
570400,2774,25,0,0
570400,2759,26,0,0
570400,2750,27,0,0
570400,2760,28,0,0
570400,2739,29,0,0
570400,2763,30,0,0
570400,2751,31,0,0
570400,2756,32,0,0
570400,2735,33,0,0
570400,2757,34,0,0
570400,2769,35,0,0
570400,356279,36,0,0
570400,2742,37,0,0
570400,2771,38,0,0
570400,2776,39,0,0
570400,2772,40,1,1
570401,2773,1,0,0
570401,2754,2,0,0
570401,2770,3,0,0
570401,2736,4,0,0
570401,2741,5,0,0
570401,2778,6,0,0
570401,2766,7,0,0
570401,2758,8,0,0
570401,2740,9,0,0
570401,2755,10,0,0
570401,2743,11,0,0
570401,2779,12,0,0
570401,2762,13,0,0
570401,2738,14,0,0
570401,2761,15,0,0
570401,2737,16,0,0
570401,2765,17,0,0
570401,2764,18,0,0
570401,2775,19,0,0
570401,2753,20,0,0
570401,2745,21,0,0
570401,2768,22,0,0
570401,356035,23,0,0
570401,2746,24,0,0
570401,1348,25,0,0
570401,1344,26,0,0
570401,1343,27,0,0
570401,1350,28,0,0
570401,1347,29,0,0
570401,1349,30,0,0
570401,1327,31,0,0
570401,1354,32,0,0
570401,1337,33,0,0
570401,1326,34,0,0
570401,1332,35,0,0
570401,1328,36,0,0
570401,1028,37,0,0
570401,355510,38,0,0
570401,355805,39,0,0
570401,355925,40,0,0
570401,1790,41,0,0
570401,356191,42,1,1
570500,356191,1,0,0
570500,1771,2,0,0
570500,1751,3,0,0
570500,356261,4,0,0
570500,2650,5,0,0
570500,1030,6,0,0
570500,1352,7,0,0
570500,1330,8,0,0
570500,1333,9,0,0
570500,1335,10,0,0
570500,1356,11,0,0
570500,1338,12,0,0
570500,1339,13,0,0
570500,1340,14,0,0
570500,1351,15,0,0
570500,2949,16,0,0
570500,2970,17,0,0
570500,2972,18,0,0
570500,2945,19,0,0
570500,2954,20,0,0
570500,2966,21,0,0
570500,2958,22,0,0
570500,2957,23,0,0
570500,2947,24,0,0
570500,2968,25,0,0
570500,2953,26,0,0
570500,2959,27,0,0
570500,2978,28,0,0
570500,2962,29,0,0
570500,2963,30,0,0
570500,2974,31,0,0
570500,2975,32,0,0
570500,2976,33,0,0
570500,2980,34,0,0
570500,2981,35,0,0
570500,2940,36,0,0
570500,2977,37,0,0
570500,2580,38,0,0
570500,355986,39,0,0
570500,2773,40,1,1
570501,2772,1,0,0
570501,2576,2,0,0
570501,2577,3,0,0
570501,2982,4,0,0
570501,356000,5,0,0
570501,2952,6,0,0
570501,2979,7,0,0
570501,2942,8,0,0
570501,2943,9,0,0
570501,2971,10,0,0
570501,2964,11,0,0
570501,2961,12,0,0
570501,2944,13,0,0
570501,2960,14,0,0
570501,2967,15,0,0
570501,2948,16,0,0
570501,2956,17,0,0
570501,2965,18,0,0
570501,2955,19,0,0
570501,2946,20,0,0
570501,2973,21,0,0
570501,2969,22,0,0
570501,2950,23,0,0
570501,1347,24,0,0
570501,1349,25,0,0
570501,1327,26,0,0
570501,1354,27,0,0
570501,1337,28,0,0
570501,1326,29,0,0
570501,1332,30,0,0
570501,1328,31,0,0
570501,1028,32,0,0
570501,355510,33,0,0
570501,355805,34,0,0
570501,355925,35,0,0
570501,1790,36,0,0
570501,356191,37,1,1
570600,356192,1,0,0
570600,1771,2,0,0
570600,1751,3,0,0
570600,356261,4,0,0
570600,2650,5,0,0
570600,1030,6,0,0
570600,1352,7,0,0
570600,1330,8,0,0
570600,1333,9,0,0
570600,1335,10,0,0
570600,1356,11,0,0
570600,3048,12,0,0
570600,3058,13,0,0
570600,3036,14,0,0
570600,3045,15,0,0
570600,3054,16,0,0
570600,3065,17,0,0
570600,3040,18,0,0
570600,3055,19,0,0
570600,3031,20,0,0
570600,3032,21,0,0
570600,2009,22,1,1
570601,2012,1,0,0
570601,3033,2,0,0
570601,3030,3,0,0
570601,3056,4,0,0
570601,3039,5,0,0
570601,3066,6,0,0
570601,3053,7,0,0
570601,3046,8,0,0
570601,3035,9,0,0
570601,3059,10,0,0
570601,3038,11,0,0
570601,3037,12,0,0
570601,1337,13,0,0
570601,1326,14,0,0
570601,1332,15,0,0
570601,1328,16,0,0
570601,1028,17,0,0
570601,355510,18,0,0
570601,355805,19,0,0
570601,355925,20,0,0
570601,1790,21,0,0
570601,356192,22,1,1
570700,356193,1,0,0
570700,1771,2,0,0
570700,1751,3,0,0
570700,356261,4,0,0
570700,2650,5,0,0
570700,1030,6,0,0
570700,2998,7,0,0
570700,3007,8,0,0
570700,3025,9,0,0
570700,2993,10,0,0
570700,3002,11,0,0
570700,3006,12,0,0
570700,3012,13,0,0
570700,3021,14,0,0
570700,3015,15,0,0
570700,3011,16,0,0
570700,3004,17,0,0
570700,2984,18,0,0
570700,2994,19,0,0
570700,3010,20,0,0
570700,3027,21,0,0
570700,2987,22,0,0
570700,3024,23,0,0
570700,3001,24,0,0
570700,3000,25,0,0
570700,2995,26,0,0
570700,3019,27,0,0
570700,355983,28,0,0
570700,355984,29,0,0
570700,3060,30,0,0
570700,3041,31,0,0
570700,3042,32,0,0
570700,3034,33,0,0
570700,3063,34,0,0
570700,3062,35,0,0
570700,2012,36,1,1
570701,2009,1,0,0
570701,3029,2,0,0
570701,3057,3,0,0
570701,3064,4,0,0
570701,3047,5,0,0
570701,3043,6,0,0
570701,3044,7,0,0
570701,3061,8,0,0
570701,355990,9,0,0
570701,355383,10,0,0
570701,2996,11,0,0
570701,2991,12,0,0
570701,2997,13,0,0
570701,3023,14,0,0
570701,356077,15,0,0
570701,3028,16,0,0
570701,3009,17,0,0
570701,3008,18,0,0
570701,2983,19,0,0
570701,2990,20,0,0
570701,3014,21,0,0
570701,3016,22,0,0
570701,356216,23,0,0
570701,3013,24,0,0
570701,3005,25,0,0
570701,3003,26,0,0
570701,2992,27,0,0
570701,3026,28,0,0
570701,355814,29,0,0
570701,2999,30,0,0
570701,1028,31,0,0
570701,355510,32,0,0
570701,355805,33,0,0
570701,355925,34,0,0
570701,1790,35,0,0
570701,356193,36,1,1
570800,356194,1,0,0
570800,1771,2,0,0
570800,1751,3,0,0
570800,356261,4,0,0
570800,2650,5,0,0
570800,1030,6,0,0
570800,2998,7,0,0
570800,3007,8,0,0
570800,1726,9,0,0
570800,1725,10,0,0
570800,1727,11,0,0
570800,356161,12,0,0
570800,2798,13,0,0
570800,2805,14,0,0
570800,355490,15,0,0
570800,2838,16,0,0
570800,2819,17,0,0
570800,2833,18,0,0
570800,2828,19,0,0
570800,2821,20,0,0
570800,2814,21,0,0
570800,2808,22,0,0
570800,2794,23,0,0
570800,2809,24,0,0
570800,2789,25,0,0
570800,2796,26,0,0
570800,2835,27,0,0
570800,2791,28,0,0
570800,2827,29,0,0
570800,2803,30,0,0
570800,2831,31,0,0
570800,2811,32,0,0
570800,2816,33,0,0
570800,2800,34,0,0
570800,2793,35,0,0
570800,2837,36,0,0
570800,356104,37,0,0
570800,356131,38,0,0
570800,356123,39,0,0
570800,356124,40,0,0
570800,355796,41,1,1
570801,355796,1,0,0
570801,355977,2,0,0
570801,355976,3,0,0
570801,2801,4,0,0
570801,2817,5,0,0
570801,2830,6,0,0
570801,2802,7,0,0
570801,2826,8,0,0
570801,2790,9,0,0
570801,2834,10,0,0
570801,2799,11,0,0
570801,2813,12,0,0
570801,2812,13,0,0
570801,2795,14,0,0
570801,2810,15,0,0
570801,2807,16,0,0
570801,2815,17,0,0
570801,2820,18,0,0
570801,2829,19,0,0
570801,2832,20,0,0
570801,2818,21,0,0
570801,2839,22,0,0
570801,2806,23,0,0
570801,2797,24,0,0
570801,2824,25,0,0
570801,1728,26,0,0
570801,1722,27,0,0
570801,1723,28,0,0
570801,1724,29,0,0
570801,355814,30,0,0
570801,2999,31,0,0
570801,1028,32,0,0
570801,355510,33,0,0
570801,355805,34,0,0
570801,355925,35,0,0
570801,1790,36,0,0
570801,356194,37,1,1
570900,356196,1,0,0
570900,1771,2,0,0
570900,1751,3,0,0
570900,356261,4,0,0
570900,3094,5,0,0
570900,3096,6,0,0
570900,355572,7,0,0
570900,1472,8,0,0
570900,1468,9,0,0
570900,1469,10,0,0
570900,1542,11,0,0
570900,1546,12,0,0
570900,1535,13,0,0
570900,1518,14,0,0
570900,1524,15,0,0
570900,1541,16,0,0
570900,2620,17,0,0
570900,2622,18,0,0
570900,2624,19,0,0
570900,2618,20,0,0
570900,356197,21,0,0
570900,2611,22,0,0
570900,1309,23,0,0
570900,1312,24,0,0
570900,1307,25,0,0
570900,355293,26,0,0
570900,2542,27,0,0
570900,2610,28,0,0
570900,356308,29,0,0
570900,1588,30,0,0
570900,1586,31,0,0
570900,2600,32,0,0
570900,2596,33,0,0
570900,2597,34,0,0
570900,2602,35,0,0
570900,2067,36,0,0
570900,2068,37,0,0
570900,2264,38,0,0
570900,2283,39,0,0
570900,2629,40,1,1
570901,2629,1,0,0
570901,2286,2,0,0
570901,2069,3,0,0
570901,2066,4,0,0
570901,2603,5,0,0
570901,2604,6,0,0
570901,2601,7,0,0
570901,2598,8,0,0
570901,2599,9,0,0
570901,1587,10,0,0
570901,1589,11,0,0
570901,356305,12,0,0
570901,356306,13,0,0
570901,356307,14,0,0
570901,356043,15,0,0
570901,356101,16,0,0
570901,355930,17,0,0
570901,1311,18,0,0
570901,2612,19,0,0
570901,2605,20,0,0
570901,2619,21,0,0
570901,2625,22,0,0
570901,2623,23,0,0
570901,2621,24,0,0
570901,2609,25,0,0
570901,1525,26,0,0
570901,1519,27,0,0
570901,1536,28,0,0
570901,1547,29,0,0
570901,1523,30,0,0
570901,1526,31,0,0
570901,1467,32,0,0
570901,1471,33,0,0
570901,1477,34,0,0
570901,355574,35,0,0
570901,3097,36,0,0
570901,3098,37,0,0
570901,3099,38,0,0
570901,2649,39,0,0
570901,355510,40,0,0
570901,355805,41,0,0
570901,355925,42,0,0
570901,1790,43,0,0
570901,356196,44,1,1
571000,2150,1,0,0
571000,1758,2,0,0
571000,1711,3,0,0
571000,1712,4,0,0
571000,1707,5,0,0
571000,1709,6,0,0
571000,1714,7,0,0
571000,2450,8,0,0
571000,2449,9,0,0
571000,2452,10,0,0
571000,2446,11,0,0
571000,1517,12,0,0
571000,1542,13,0,0
571000,1371,14,0,0
571000,2631,15,0,0
571000,2930,16,0,0
571000,2905,17,0,0
571000,2919,18,0,0
571000,2907,19,0,0
571000,2912,20,0,0
571000,2927,21,0,0
571000,2929,22,0,0
571000,2923,23,0,0
571000,2922,24,0,0
571000,2917,25,0,0
571000,2903,26,0,0
571000,2938,27,0,0
571000,2904,28,0,0
571000,2915,29,0,0
571000,2936,30,0,0
571000,2710,31,0,0
571000,2782,32,0,0
571000,2785,33,0,0
571000,2781,34,0,0
571000,2786,35,0,0
571000,2784,36,0,0
571000,2787,37,0,0
571000,2788,38,0,0
571000,2783,39,0,0
571000,2716,40,0,0
571000,2721,41,0,0
571000,2933,42,0,0
571000,2935,43,0,0
571000,2911,44,0,0
571000,2925,45,0,0
571000,355936,46,0,0
571000,356048,47,0,0
571000,1555,48,1,1
571001,1555,1,0,0
571001,1554,2,0,0
571001,2595,3,0,0
571001,2926,4,0,0
571001,2910,5,0,0
571001,2934,6,0,0
571001,2932,7,0,0
571001,2784,8,0,0
571001,2787,9,0,0
571001,2788,10,0,0
571001,2783,11,0,0
571001,2716,12,0,0
571001,2721,13,0,0
571001,2937,14,0,0
571001,2914,15,0,0
571001,2939,16,0,0
571001,2916,17,0,0
571001,2909,18,0,0
571001,2918,19,0,0
571001,2921,20,0,0
571001,2924,21,0,0
571001,2902,22,0,0
571001,2928,23,0,0
571001,2913,24,0,0
571001,2908,25,0,0
571001,2920,26,0,0
571001,2906,27,0,0
571001,2931,28,0,0
571001,2630,29,0,0
571001,1520,30,0,0
571001,1516,31,0,0
571001,2447,32,0,0
571001,1651,33,0,0
571001,1654,34,0,0
571001,1652,35,0,0
571001,1657,36,0,0
571001,1653,37,0,0
571001,1655,38,0,0
571001,2127,39,0,0
571001,2121,40,0,0
571001,2150,41,1,1
571100,356195,1,0,0
571100,1771,2,0,0
571100,1751,3,0,0
571100,356261,4,0,0
571100,3094,5,0,0
571100,3096,6,0,0
571100,355575,7,0,0
571100,3091,8,0,0
571100,3109,9,0,0
571100,3107,10,0,0
571100,3104,11,0,0
571100,3112,12,0,0
571100,3101,13,0,0
571100,3102,14,0,0
571100,2021,15,0,0
571100,2022,16,0,0
571100,2024,17,0,0
571100,2026,18,0,0
571100,2028,19,0,0
571100,2027,20,0,0
571100,1533,21,0,0
571100,1510,22,0,0
571100,1512,23,0,0
571100,1527,24,0,0
571100,1531,25,0,0
571100,1544,26,0,0
571100,1514,27,0,0
571100,1537,28,0,0
571100,1521,29,0,0
571100,1529,30,0,0
571100,3092,31,0,0
571100,1318,32,0,0
571100,1316,33,0,0
571100,1317,34,0,0
571100,1315,35,0,0
571100,2723,36,0,0
571100,2717,37,0,0
571100,2791,38,0,0
571100,2827,39,0,0
571100,2803,40,0,0
571100,2831,41,0,0
571100,2589,42,0,0
571100,2592,43,0,0
571100,2587,44,0,0
571100,2594,45,0,0
571100,2586,46,0,0
571100,355738,47,0,0
571100,355736,48,0,0
571100,355764,49,0,0
571100,356378,50,1,1
571101,356378,1,0,0
571101,355739,2,0,0
571101,355740,3,0,0
571101,1530,4,0,0
571101,356377,5,0,0
571101,1538,6,0,0
571101,1515,7,0,0
571101,1545,8,0,0
571101,1532,9,0,0
571101,1528,10,0,0
571101,1513,11,0,0
571101,1511,12,0,0
571101,1534,13,0,0
571101,355416,14,0,0
571101,2029,15,0,0
571101,2025,16,0,0
571101,2023,17,0,0
571101,2030,18,0,0
571101,2585,19,0,0
571101,2593,20,0,0
571101,2588,21,0,0
571101,355980,22,0,0
571101,2590,23,0,0
571101,2830,24,0,0
571101,2802,25,0,0
571101,2826,26,0,0
571101,2790,27,0,0
571101,2718,28,0,0
571101,2722,29,0,0
571101,2704,30,0,0
571101,1313,31,0,0
571101,355847,32,0,0
571101,1319,33,0,0
571101,3093,34,0,0
571101,3103,35,0,0
571101,3100,36,0,0
571101,3111,37,0,0
571101,3105,38,0,0
571101,3108,39,0,0
571101,3110,40,0,0
571101,356049,41,0,0
571101,355574,42,0,0
571101,3097,43,0,0
571101,3098,44,0,0
571101,3099,45,0,0
571101,2649,46,0,0
571101,355510,47,0,0
571101,355805,48,0,0
571101,355925,49,0,0
571101,1790,50,0,0
571101,356195,51,1,1
571200,1717,1,0,0
571200,1499,2,0,0
571200,1498,3,0,0
571200,1494,4,0,0
571200,1496,5,0,0
571200,1175,6,0,0
571200,1180,7,0,0
571200,1178,8,0,0
571200,1179,9,0,0
571200,2357,10,0,0
571200,1181,11,0,0
571200,1177,12,0,0
571200,1640,13,0,0
571200,1639,14,0,0
571200,1822,15,0,0
571200,1826,16,0,0
571200,1813,17,0,0
571200,1811,18,0,0
571200,1817,19,0,0
571200,1810,20,0,0
571200,1820,21,0,0
571200,1831,22,0,0
571200,1833,23,0,0
571200,1827,24,0,0
571200,1835,25,0,0
571200,1830,26,0,0
571200,2363,27,0,0
571200,2356,28,0,0
571200,2360,29,0,0
571200,356273,30,0,0
571200,2367,31,0,0
571200,2366,32,0,0
571200,2370,33,0,0
571200,1930,34,0,0
571200,1924,35,0,0
571200,1918,36,0,0
571200,1953,37,0,0
571200,1921,38,0,0
571200,1809,39,0,0
571200,2876,40,0,0
571200,2888,41,0,0
571200,2871,42,0,0
571200,2877,43,0,0
571200,2864,44,0,0
571200,2866,45,0,0
571200,2865,46,0,0
571200,2883,47,0,0
571200,2219,48,0,0
571200,2230,49,0,0
571200,2229,50,0,0
571200,2245,51,0,0
571200,2228,52,0,0
571200,2220,53,0,0
571200,2250,54,0,0
571200,2226,55,0,0
571200,2225,56,0,0
571200,2236,57,0,0
571200,355301,58,0,0
571200,3031,59,0,0
571200,3032,60,0,0
571200,2011,61,0,0
571200,3049,62,0,0
571200,3033,63,0,0
571200,3030,64,0,0
571200,2254,65,0,0
571200,2223,66,0,0
571200,2241,67,0,0
571200,2252,68,0,0
571200,2221,69,0,0
571200,2255,70,0,0
571200,2243,71,0,0
571200,2247,72,0,0
571200,2265,73,0,0
571200,2293,74,0,0
571200,2278,75,0,0
571200,2261,76,0,0
571200,2285,77,0,0
571200,2289,78,0,0
571200,2291,79,0,0
571200,2271,80,0,0
571200,2273,81,0,0
571200,2268,82,0,0
571200,2287,83,0,0
571200,2269,84,0,0
571200,3252,85,0,0
571200,2262,86,0,0
571200,2274,87,0,0
571200,2264,88,0,0
571200,2283,89,0,0
571200,2258,90,0,0
571200,2279,91,0,0
571200,1577,92,0,0
571200,2182,93,0,0
571200,2181,94,0,0
571200,2180,95,0,0
571200,2183,96,1,1
571201,2183,1,0,0
571201,1570,2,0,0
571201,1566,3,0,0
571201,2280,4,0,0
571201,2257,5,0,0
571201,2286,6,0,0
571201,2275,7,0,0
571201,2263,8,0,0
571201,2282,9,0,0
571201,2267,10,0,0
571201,2288,11,0,0
571201,2266,12,0,0
571201,2272,13,0,0
571201,2290,14,0,0
571201,2277,15,0,0
571201,2284,16,0,0
571201,2260,17,0,0
571201,2259,18,0,0
571201,2294,19,0,0
571201,2270,20,0,0
571201,2246,21,0,0
571201,2233,22,0,0
571201,2256,23,0,0
571201,2222,24,0,0
571201,2251,25,0,0
571201,2242,26,0,0
571201,2224,27,0,0
571201,355409,28,0,0
571201,3031,29,0,0
571201,3032,30,0,0
571201,2010,31,0,0
571201,3049,32,0,0
571201,3033,33,0,0
571201,3030,34,0,0
571201,2235,35,0,0
571201,2227,36,0,0
571201,2249,37,0,0
571201,2237,38,0,0
571201,2234,39,0,0
571201,2244,40,0,0
571201,2240,41,0,0
571201,2231,42,0,0
571201,2248,43,0,0
571201,2874,44,0,0
571201,2894,45,0,0
571201,2870,46,0,0
571201,2863,47,0,0
571201,2878,48,0,0
571201,2872,49,0,0
571201,355952,50,0,0
571201,2898,51,0,0
571201,1809,52,0,0
571201,1837,53,0,0
571201,2004,54,0,0
571201,1715,55,0,0
571201,1952,56,0,0
571201,1936,57,0,0
571201,1903,58,0,0
571201,1929,59,0,0
571201,2369,60,0,0
571201,2368,61,0,0
571201,2365,62,0,0
571201,2361,63,0,0
571201,2359,64,0,0
571201,2355,65,0,0
571201,2364,66,0,0
571201,2357,67,0,0
571201,2358,68,0,0
571201,1829,69,0,0
571201,1836,70,0,0
571201,1828,71,0,0
571201,1834,72,0,0
571201,1832,73,0,0
571201,1821,74,0,0
571201,1825,75,0,0
571201,1818,76,0,0
571201,356178,77,0,0
571201,1812,78,0,0
571201,1814,79,0,0
571201,1824,80,0,0
571201,1823,81,0,0
571201,1819,82,0,0
571201,1815,83,0,0
571201,1227,84,0,0
571201,356057,85,0,0
571201,1718,86,0,0
571201,1717,87,1,1
571300,2010,1,0,0
571300,3049,2,0,0
571300,3033,3,0,0
571300,3030,4,0,0
571300,2235,5,0,0
571300,2227,6,0,0
571300,2249,7,0,0
571300,2237,8,0,0
571300,2234,9,0,0
571300,2244,10,0,0
571300,2240,11,0,0
571300,2231,12,0,0
571300,2248,13,0,0
571300,2238,14,0,0
571300,2215,15,0,0
571300,2216,16,0,0
571300,2842,17,0,0
571300,2848,18,0,0
571300,2854,19,0,0
571300,2858,20,0,0
571300,2019,21,0,0
571300,356176,22,0,0
571300,355959,23,1,1
571301,355959,1,0,0
571301,356175,2,0,0
571301,2018,3,0,0
571301,2859,4,0,0
571301,2855,5,0,0
571301,2849,6,0,0
571301,2843,7,0,0
571301,355967,8,0,0
571301,2232,9,0,0
571301,2218,10,0,0
571301,2239,11,0,0
571301,355956,12,0,0
571301,2219,13,0,0
571301,2230,14,0,0
571301,2229,15,0,0
571301,2245,16,0,0
571301,2228,17,0,0
571301,2220,18,0,0
571301,2250,19,0,0
571301,2226,20,0,0
571301,2225,21,0,0
571301,2236,22,0,0
571301,355301,23,0,0
571301,3031,24,0,0
571301,3032,25,0,0
571301,2010,26,1,1
571400,355962,1,0,0
571400,1570,2,0,0
571400,1566,3,0,0
571400,1578,4,0,0
571400,2711,5,0,0
571400,355286,6,0,0
571400,2716,7,0,0
571400,2721,8,0,0
571400,2706,9,0,0
571400,2708,10,0,0
571400,356064,11,0,0
571400,355289,12,0,0
571400,356304,13,0,0
571400,2723,14,0,0
571400,2717,15,0,0
571400,2683,16,0,0
571400,3250,17,0,0
571400,2702,18,0,0
571400,2679,19,0,0
571400,3063,20,0,0
571400,3062,21,0,0
571400,356044,22,0,0
571400,3029,23,0,0
571400,3057,24,0,0
571400,2703,25,0,0
571400,2693,26,0,0
571400,2699,27,0,0
571400,2687,28,0,0
571400,2695,29,0,0
571400,2694,30,0,0
571400,2697,31,0,0
571400,2685,32,0,0
571400,2674,33,0,0
571400,2681,34,0,0
571400,2676,35,0,0
571400,2688,36,0,0
571400,355853,37,0,0
571400,2396,38,0,0
571400,356014,39,0,0
571400,3187,40,0,0
571400,3185,41,0,0
571400,3184,42,0,0
571400,2388,43,0,0
571400,2377,44,0,0
571400,2374,45,0,0
571400,2383,46,0,0
571400,356376,47,0,0
571400,2391,48,0,0
571400,2379,49,0,0
571400,2392,50,0,0
571400,2393,51,0,0
571400,2179,52,0,0
571400,2178,53,0,0
571400,1579,54,0,0
571400,1585,55,0,0
571400,1582,56,0,0
571400,1730,57,0,0
571400,1729,58,0,0
571400,355733,59,0,0
571400,1550,60,0,0
571400,1551,61,0,0
571400,1549,62,0,0
571400,1661,63,0,0
571400,1658,64,0,0
571400,1660,65,0,0
571400,1659,66,0,0
571400,1665,67,0,0
571400,355960,68,0,0
571400,1662,69,0,0
571400,355937,70,0,0
571400,1491,71,0,0
571400,1492,72,0,0
571400,1490,73,0,0
571400,356200,74,0,0
571400,356286,75,0,0
571400,356199,76,0,0
571400,356185,77,0,0
571400,356186,78,0,0
571400,356187,79,0,0
571400,356188,80,0,0
571400,356189,81,0,0
571400,1731,82,0,0
571400,1581,83,0,0
571400,1583,84,0,0
571400,1580,85,0,0
571400,1584,86,0,0
571400,356281,87,1,1
571401,356281,1,0,0
571401,356151,2,0,0
571401,356150,3,0,0
571401,2384,4,0,0
571401,356375,5,0,0
571401,2382,6,0,0
571401,2375,7,0,0
571401,2378,8,0,0
571401,2389,9,0,0
571401,3183,10,0,0
571401,3186,11,0,0
571401,3188,12,0,0
571401,2373,13,0,0
571401,2395,14,0,0
571401,355896,15,0,0
571401,2689,16,0,0
571401,2677,17,0,0
571401,2682,18,0,0
571401,2675,19,0,0
571401,2686,20,0,0
571401,2698,21,0,0
571401,2690,22,0,0
571401,2696,23,0,0
571401,2691,24,0,0
571401,2700,25,0,0
571401,2692,26,0,0
571401,3063,27,0,0
571401,3062,28,0,0
571401,356044,29,0,0
571401,3029,30,0,0
571401,3057,31,0,0
571401,3064,32,0,0
571401,2680,33,0,0
571401,2701,34,0,0
571401,3251,35,0,0
571401,2678,36,0,0
571401,2718,37,0,0
571401,2722,38,0,0
571401,2704,39,0,0
571401,355292,40,0,0
571401,2712,41,0,0
571401,2709,42,0,0
571401,2707,43,0,0
571401,2719,44,0,0
571401,2710,45,0,0
571401,355287,46,0,0
571401,2714,47,0,0
571401,2182,48,0,0
571401,2181,49,0,0
571401,2180,50,0,0
571401,355962,51,1,1
571500,356181,1,0,0
571500,356363,2,0,0
571500,1280,3,0,0
571500,1282,4,0,0
571500,1286,5,0,0
571500,1284,6,0,0
571500,355816,7,0,0
571500,1402,8,0,0
571500,1292,9,0,0
571500,1279,10,0,0
571500,1296,11,0,0
571500,1294,12,0,0
571500,355473,13,0,0
571500,355794,14,0,0
571500,356287,15,0,0
571500,355474,16,0,0
571500,355514,17,0,0
571500,355934,18,0,0
571500,355935,19,0,0
571500,355516,20,0,0
571500,355517,21,0,0
571500,356212,22,0,0
571500,355518,23,0,0
571500,356213,24,0,0
571500,355519,25,0,0
571500,356120,26,0,0
571500,355476,27,0,0
571500,356132,28,0,0
571500,356134,29,0,0
571500,356136,30,0,0
571500,2396,31,0,0
571500,356014,32,0,0
571500,3187,33,0,0
571500,355596,34,0,0
571500,2395,35,0,0
571500,356138,36,0,0
571500,356140,37,0,0
571500,356142,38,0,0
571500,355899,39,0,0
571500,355370,40,0,0
571500,355371,41,0,0
571500,355372,42,0,0
571500,355373,43,0,0
571500,355375,44,0,0
571500,355376,45,0,0
571500,355378,46,0,0
571500,2576,47,0,0
571500,2577,48,0,0
571500,355379,49,0,0
571500,355380,50,0,0
571500,355988,51,0,0
571500,355989,52,0,0
571500,355990,53,0,0
571500,355383,54,0,0
571500,355384,55,0,0
571500,355385,56,0,0
571500,2589,57,0,0
571500,2592,58,0,0
571500,2587,59,0,0
571500,2594,60,0,0
571500,2586,61,0,0
571500,356016,62,0,0
571500,355387,63,0,0
571500,355388,64,0,0
571500,355936,65,0,0
571500,356048,66,0,0
571500,355477,67,0,0
571500,355770,68,0,0
571500,356121,69,0,0
571500,355522,70,0,0
571500,355949,71,0,0
571500,355524,72,0,0
571500,355478,73,0,0
571500,355901,74,0,0
571500,356080,75,0,0
571500,355526,76,0,0
571500,355527,77,0,0
571500,355479,78,0,0
571500,355528,79,0,0
571500,355529,80,0,0
571500,355530,81,0,0
571500,355531,82,0,0
571500,1509,83,0,0
571500,356025,84,0,0
571500,356081,85,0,0
571500,356027,86,0,0
571500,355532,87,0,0
571500,355533,88,0,0
571500,355543,89,0,0
571500,355535,90,0,0
571500,356114,91,0,0
571500,355537,92,0,0
571500,355538,93,0,0
571500,356379,94,1,1
571500,1555,95,1,1
571501,356379,1,0,0
571501,355539,2,0,0
571501,356115,3,0,0
571501,356113,4,0,0
571501,355735,5,0,0
571501,355534,6,0,0
571501,355544,7,0,0
571501,355545,8,0,0
571501,356028,9,0,0
571501,356026,10,0,0
571501,355546,11,0,0
571501,355547,12,0,0
571501,355548,13,0,0
571501,355549,14,0,0
571501,355466,15,0,0
571501,355550,16,0,0
571501,355551,17,0,0
571501,355552,18,0,0
571501,355902,19,0,0
571501,355467,20,0,0
571501,355553,21,0,0
571501,355932,22,0,0
571501,355555,23,0,0
571501,355556,24,0,0
571501,355769,25,0,0
571501,355931,26,0,0
571501,2595,27,0,0
571501,356183,28,0,0
571501,355833,29,0,0
571501,355979,30,0,0
571501,2585,31,0,0
571501,2593,32,0,0
571501,2588,33,0,0
571501,355980,34,0,0
571501,2590,35,0,0
571501,355981,36,0,0
571501,355393,37,0,0
571501,355982,38,0,0
571501,355983,39,0,0
571501,355985,40,0,0
571501,355396,41,0,0
571501,355397,42,0,0
571501,2580,43,0,0
571501,355986,44,0,0
571501,355987,45,0,0
571501,355399,46,0,0
571501,355400,47,0,0
571501,355401,48,0,0
571501,355403,49,0,0
571501,355404,50,0,0
571501,355405,51,0,0
571501,355406,52,0,0
571501,355900,53,0,0
571501,356132,54,0,0
571501,356134,55,0,0
571501,356136,56,0,0
571501,2396,57,0,0
571501,355597,58,0,0
571501,355716,59,0,0
571501,3188,60,0,0
571501,2373,61,0,0
571501,2395,62,0,0
571501,356138,63,0,0
571501,356140,64,0,0
571501,356142,65,0,0
571501,355469,66,0,0
571501,355557,67,0,0
571501,355558,68,0,0
571501,356152,69,0,0
571501,356214,70,0,0
571501,356211,71,0,0
571501,355560,72,0,0
571501,355561,73,0,0
571501,355470,74,0,0
571501,355933,75,0,0
571501,355563,76,0,0
571501,355471,77,0,0
571501,356286,78,0,0
571501,355793,79,0,0
571501,355472,80,0,0
571501,1295,81,0,0
571501,1288,82,0,0
571501,1287,83,0,0
571501,1293,84,0,0
571501,1405,85,0,0
571501,1297,86,0,0
571501,355815,87,0,0
571501,1285,88,0,0
571501,1298,89,0,0
571501,1283,90,0,0
571501,1281,91,0,0
571501,356363,92,0,0
571501,356182,93,1,1
571600,355432,1,0,0
571600,1790,2,0,0
571600,1917,3,0,0
571600,1964,4,0,0
571600,1955,5,0,0
571600,1960,6,0,0
571600,356108,7,0,0
571600,1976,8,0,0
571600,1979,9,0,0
571600,1962,10,0,0
571600,1969,11,0,0
571600,1967,12,0,0
571600,1959,13,0,0
571600,1972,14,0,0
571600,1978,15,0,0
571600,2660,16,0,0
571600,2655,17,0,0
571600,356184,18,0,0
571600,2663,19,0,0
571600,2186,20,0,0
571600,2189,21,0,0
571600,355742,22,0,0
571600,1416,23,0,0
571600,1412,24,0,0
571600,355743,25,0,0
571600,3120,26,0,0
571600,3127,27,0,0
571600,3118,28,0,0
571600,3122,29,0,0
571600,3125,30,0,0
571600,3123,31,0,0
571600,2166,32,0,0
571600,2115,33,0,0
571600,2118,34,0,0
571600,2120,35,0,0
571600,3145,36,0,0
571600,3181,37,1,1
571601,3181,1,0,0
571601,355765,2,0,0
571601,356208,3,0,0
571601,2119,4,0,0
571601,2117,5,0,0
571601,2116,6,0,0
571601,2165,7,0,0
571601,3113,8,0,0
571601,3124,9,0,0
571601,3121,10,0,0
571601,3117,11,0,0
571601,3126,12,0,0
571601,3114,13,0,0
571601,3119,14,0,0
571601,3115,15,0,0
571601,1413,16,0,0
571601,1417,17,0,0
571601,1415,18,0,0
571601,1411,19,0,0
571601,2190,20,0,0
571601,2185,21,0,0
571601,2661,22,0,0
571601,2658,23,0,0
571601,2654,24,0,0
571601,2659,25,0,0
571601,1973,26,0,0
571601,1971,27,0,0
571601,2041,28,0,0
571601,2045,29,0,0
571601,2146,30,0,0
571601,2148,31,0,0
571601,2136,32,0,0
571601,356275,33,0,0
571601,2156,34,0,0
571601,2159,35,0,0
571601,2127,36,0,0
571601,2121,37,0,0
571601,2150,38,0,0
571601,1771,39,0,0
571601,355432,40,1,1
571700,2349,1,0,0
571700,3240,2,0,0
571700,3231,3,0,0
571700,3241,4,0,0
571700,3237,5,0,0
571700,3228,6,0,0
571700,3227,7,0,0
571700,3234,8,0,0
571700,3235,9,0,0
571700,355943,10,0,0
571700,2340,11,0,0
571700,2341,12,0,0
571700,2346,13,0,0
571700,2347,14,0,0
571700,2442,15,0,0
571700,2439,16,0,0
571700,2440,17,0,0
571700,2441,18,0,0
571700,2350,19,1,1
571701,2350,1,0,0
571701,2731,2,0,0
571701,2730,3,0,0
571701,2732,4,0,0
571701,2348,5,0,0
571701,2344,6,0,0
571701,2343,7,0,0
571701,2339,8,0,0
571701,1603,9,0,0
571701,3236,10,0,0
571701,3233,11,0,0
571701,3230,12,0,0
571701,3229,13,0,0
571701,3238,14,0,0
571701,3242,15,0,0
571701,3232,16,0,0
571701,3239,17,0,0
571701,2349,18,1,1
571800,1399,1,0,0
571800,2507,2,0,0
571800,2490,3,0,0
571800,2513,4,0,0
571800,2491,5,0,0
571800,2499,6,0,0
571800,2501,7,0,0
571800,2506,8,0,0
571800,1678,9,0,0
571800,1670,10,0,0
571800,1679,11,0,0
571800,1685,12,0,0
571800,1684,13,0,0
571800,1686,14,0,0
571800,1681,15,0,0
571800,1691,16,0,0
571800,1671,17,0,0
571800,1675,18,0,0
571800,1666,19,0,0
571800,1676,20,0,0
571800,1669,21,0,0
571800,1617,22,0,0
571800,1616,23,0,0
571800,1613,24,0,0
571800,1619,25,0,0
571800,1611,26,0,0
571800,1610,27,0,0
571800,1048,28,0,0
571800,1075,29,0,0
571800,355782,30,0,0
571800,1132,31,0,0
571800,1135,32,0,0
571800,1129,33,0,0
571800,1137,34,0,0
571800,1143,35,0,0
571800,1140,36,0,0
571800,1145,37,0,0
571800,355928,38,0,0
571800,1378,39,0,0
571800,1033,40,0,0
571800,1034,41,0,0
571800,1032,42,0,0
571800,1035,43,0,0
571800,356230,44,0,0
571800,356231,45,0,0
571800,356232,46,0,0
571800,356233,47,0,0
571800,356234,48,0,0
571800,356269,49,0,0
571800,356255,50,0,0
571800,1798,51,0,0
571800,356253,52,0,0
571800,356254,53,0,0
571800,356235,54,0,0
571800,356236,55,0,0
571800,356270,56,0,0
571800,356238,57,0,0
571800,356239,58,0,0
571800,356257,59,0,0
571800,356258,60,1,1
571801,356258,1,0,0
571801,356259,2,0,0
571801,356260,3,0,0
571801,356250,4,0,0
571801,356249,5,0,0
571801,356248,6,0,0
571801,356247,7,0,0
571801,356246,8,0,0
571801,356245,9,0,0
571801,356244,10,0,0
571801,356269,11,0,0
571801,356255,12,0,0
571801,1798,13,0,0
571801,1683,14,0,0
571801,356086,15,0,0
571801,1677,16,0,0
571801,1667,17,0,0
571801,1689,18,0,0
571801,1672,19,0,0
571801,1690,20,0,0
571801,1688,21,0,0
571801,1687,22,0,0
571801,1693,23,0,0
571801,1674,24,0,0
571801,355777,25,0,0
571801,1680,26,0,0
571801,1692,27,0,0
571801,1673,28,0,0
571801,356253,29,0,0
571801,356254,30,0,0
571801,356382,31,0,0
571801,356280,32,0,0
571801,356240,33,0,0
571801,355746,34,0,0
571801,1130,35,0,0
571801,1142,36,0,0
571801,1131,37,0,0
571801,356301,38,0,0
571801,1141,39,0,0
571801,1144,40,0,0
571801,1138,41,0,0
571801,1139,42,0,0
571801,1136,43,0,0
571801,1133,44,0,0
571801,355781,45,0,0
571801,1076,46,0,0
571801,1048,47,0,0
571801,1075,48,0,0
571801,1609,49,0,0
571801,1612,50,0,0
571801,1618,51,0,0
571801,1614,52,0,0
571801,1615,53,0,0
571801,2504,54,0,0
571801,2502,55,0,0
571801,2500,56,0,0
571801,2492,57,0,0
571801,2512,58,0,0
571801,2521,59,0,0
571801,2508,60,0,0
571801,1399,61,1,1
571900,1405,1,0,0
571900,1297,2,0,0
571900,355815,3,0,0
571900,1285,4,0,0
571900,1298,5,0,0
571900,1283,6,0,0
571900,1281,7,0,0
571900,1290,8,0,0
571900,356182,9,0,0
571900,356169,10,0,0
571900,355923,11,0,0
571900,356380,12,0,0
571900,3068,13,0,0
571900,3070,14,0,0
571900,3074,15,0,0
571900,3076,16,0,0
571900,356381,17,1,1
571901,356381,1,0,0
571901,3075,2,0,0
571901,3073,3,0,0
571901,3071,4,0,0
571901,3069,5,0,0
571901,355924,6,0,0
571901,356380,7,0,0
571901,356170,8,0,0
571901,356181,9,0,0
571901,1280,10,0,0
571901,1282,11,0,0
571901,1286,12,0,0
571901,1284,13,0,0
571901,355816,14,0,0
571901,1405,15,1,1
572000,355308,1,0,0
572000,1149,2,0,0
572000,356220,3,0,0
572000,356221,4,0,0
572000,356222,5,0,0
572000,356021,6,1,1
572001,356021,1,0,0
572001,1741,2,0,0
572001,1737,3,0,0
572001,1736,4,0,0
572001,356219,5,0,0
572001,355308,6,1,1
573100,1399,1,0,0
573100,2507,2,0,0
573100,2490,3,0,0
573100,2513,4,0,0
573100,2491,5,0,0
573100,2499,6,0,0
573100,2501,7,0,0
573100,1616,8,0,0
573100,1613,9,0,0
573100,1619,10,0,0
573100,1611,11,0,0
573100,1610,12,0,0
573100,356055,13,0,0
573100,1075,14,0,0
573100,355782,15,0,0
573100,1132,16,0,0
573100,356372,17,0,0
573100,356319,18,0,0
573100,356320,19,0,0
573100,356321,20,0,0
573100,356322,21,0,0
573100,356318,22,0,0
573100,356324,23,0,0
573100,356325,24,0,0
573100,356326,25,0,0
573100,356327,26,0,0
573100,356328,27,0,0
573100,356329,28,0,0
573100,356330,29,0,0
573100,356331,30,0,0
573100,356332,31,0,0
573100,356333,32,0,0
573100,356334,33,0,0
573100,356335,34,0,0
573100,356336,35,0,0
573100,356337,36,1,1
573101,356337,1,0,0
573101,356245,2,0,0
573101,356244,3,0,0
573101,356382,4,0,0
573101,356280,5,0,0
573101,356240,6,0,0
573101,356339,7,0,0
573101,356373,8,0,0
573101,356340,9,0,0
573101,356341,10,0,0
573101,356342,11,0,0
573101,356343,12,0,0
573101,356344,13,0,0
573101,1131,14,0,0
573101,356301,15,0,0
573101,1141,16,0,0
573101,1144,17,0,0
573101,356345,18,0,0
573101,356374,19,0,0
573101,356347,20,0,0
573101,356349,21,0,0
573101,356350,22,0,0
573101,356351,23,0,0
573101,1136,24,0,0
573101,1133,25,0,0
573101,355781,26,0,0
573101,1076,27,0,0
573101,356055,28,0,0
573101,1075,29,0,0
573101,1609,30,0,0
573101,1612,31,0,0
573101,1618,32,0,0
573101,1614,33,0,0
573101,1615,34,0,0
573101,2504,35,0,0
573101,2502,36,0,0
573101,2500,37,0,0
573101,2492,38,0,0
573101,2512,39,0,0
573101,2521,40,0,0
573101,2508,41,0,0
573101,1399,42,1,1
582400,2010,1,1,1
582400,2137,2,0,0
582400,2093,3,1,1
582400,1400,4,0,0
582400,2511,5,1,1
582500,2010,1,1,1
582500,2137,2,0,0
582500,2093,3,1,1
582500,1400,4,0,0
582500,2511,5,1,1
582600,355308,1,0,0
582600,1955,2,0,0
582600,356021,3,1,1
582601,356021,1,0,0
582601,1741,2,0,0
582601,1737,3,0,0
582601,1736,4,0,0
582601,356219,5,0,0
582601,355308,6,1,1
582700,1402,1,1,1
582701,1402,1,1,1
