569000,'1',450,,20462,7,,,0,55,,20432,7,,,0,20,,20425,7,,,0,20,,20426,7,,,0,60,,20427,7,,,0,20,,20428,7,,,0,20,,20429,7,,,0,60,,20430,7,,,0,20,,20431,7,,,0,20,,20424,7,,,0,60,,20461,7,,,0,20,,20460,7,,,0,20,,20459,7,,,0,60,,20458,7,,,0,20,,20457,7,,,0,20,,20456,7,,,0,60,,20455,7,,,0,20,,20452,7,,,0,20,,20451,7,,,0,60,,20450,7,,,0,20,,20449,7,,,0,20,,20448,7,,,0,60,,20447,7,,,0,20,,20454,7,,,0,20,,20453,7,,,0,60,,20478,7,,,0,20,,20446,7,,,0,21,,20445,7,,,0,60,,20444,7,,,0,20,,20443,7,,,0,20,,20442,7,,,0,60,,20441,7,,,0,20,,20440,7,,,0,20,,20439,7,,,0,60,,20438,7,,,0,20,,20437,7,,,0,20,,20436,7,,,0,60,,20435,7,,,0,20,,20434,7,,,0,20,,20433,7,,,0,63,,20463,7,,,0,30,,20464,7,,,0,74,,20465,7,,,0,30,,20466,7,,,0,70,,20467,7,,,0,30,,20468,7,,,0,70,,20469,7,,,0,30,,20477,7,,,0,69,,20476,7,,,0,30,,20475,7,,,0,70,,20474,7,,,0,30,,20473,7,,,0,70,,20472,7,,,0,32,,20471,7,,,0,80,,20470,7,,,0
569000,'2',504,,20528,7,,,0,30,,20527,7,,,0,70,,20526,7,,,0,30,,20525,7,,,0,70,,20524,7,,,0,30,,20523,7,,,0,70,,20522,7,,,0,20,,20480,7,,,0,20,,20521,7,,,0,60,,20520,7,,,0,20,,20519,7,,,0,20,,20518,7,,,0,60,,20517,7,,,0,20,,20516,7,,,0,20,,20515,7,,,0,60,,20514,7,,,0,20,,20513,7,,,0,20,,20512,7,,,0,60,,20511,7,,,0,20,,20510,7,,,0,20,,20509,7,,,0,60,,20508,7,,,0,20,,20507,7,,,0,20,,20506,7,,,0,60,,20505,7,,,0,20,,20504,7,,,0,20,,20503,7,,,0,60,,20502,7,,,0,20,,20501,7,,,0,20,,20500,7,,,0,60,,20499,7,,,0,20,,20498,7,,,0,20,,20497,7,,,0,60,,20496,7,,,0,30,,20495,7,,,0,71,,20494,7,,,0,30,,20493,7,,,0,70,,20492,7,,,0,30,,20491,7,,,0,70,,20490,7,,,0,30,,20489,7,,,0,70,,20488,7,,,0,30,,20487,7,,,0,69,,20486,7,,,0,30,,20485,7,,,0,70,,20484,7,,,0,30,,20483,7,,,0,70,,20482,7,,,0,30,,20479,7,,,0,90,,20481,7,,,0
569000,'3',604,,20529,7,,,0,100,,20530,7,,,0,30,,20531,7,,,0,70,,20532,7,,,0,30,,20533,7,,,0,71,,20534,7,,,0,30,,20535,7,,,0,70,,20536,7,,,0,30,,20537,7,,,0,70,,20538,7,,,0,30,,20539,7,,,0,70,,20540,7,,,0,30,,20541,7,,,0,70,,20542,7,,,0,30,,20543,7,,,0,70,,20544,7,,,0,30,,20545,7,,,0,70,,20546,7,,,0,30,,20547,7,,,0,70,,20548,7,,,0,30,,20549,7,,,0,70,,20550,7,,,0,30,,20551,7,,,0,70,,20552,7,,,0,30,,20553,7,,,0,70,,20554,7,,,0,30,,20555,7,,,0,69,,20556,7,,,0,30,,20557,7,,,0,70,,20558,7,,,0,30,,20559,7,,,0,70,,20560,7,,,0,30,,20561,7,,,0,70,,20562,7,,,0,30,,20563,7,,,0,70,,20564,7,,,0
569301,'1',532,,21679,15,,,0,70,,21678,15,,,0,30,,21677,15,,,0,70,,21676,15,,,0,32,,21680,15,,,0,70,,21681,15,,,0,30,,21682,15,,,0,70,,21683,15,,,0,30,,21684,15,,,0,70,,21685,15,,,0,30,,21686,15,,,0,70,,21675,15,,,0,30,,21674,15,,,0,70,,21673,15,,,0,30,,21672,15,,,0,70,,21671,15,,,0,30,,21670,15,,,0,70,,21669,15,,,0,30,,21668,15,,,0,70,,21687,15,,,0,30,,21688,15,,,0,70,,21689,15,,,0,30,,21690,15,,,0,70,,21691,15,,,0,30,,21692,15,,,0,70,,21693,15,,,0,30,,21694,15,,,0,70,,21695,15,,,0,24,,21667,15,,,0,95,,21666,15,,,0,100,,21665,15,,,0,99,,21664,15,,,0,105,,21663,15,,,0,100,,21662,15,,,0,100,,21661,15,,,0
569301,'2',521,,21696,15,,,0,30,,21697,15,,,0,70,,21729,15,,,0,30,,21703,15,,,0,70,,21728,15,,,0,30,,21701,15,,,0,71,,21727,15,,,0,30,,21702,15,,,0,70,,21726,15,,,0,30,,21725,15,,,0,70,,21724,15,,,0,30,,21723,15,,,0,70,,21722,15,,,0,30,,21721,15,,,0,70,,21720,15,,,0,30,,21719,15,,,0,70,,21718,15,,,0,30,,21717,15,,,0,70,,21716,15,,,0,30,,21715,15,,,0,70,,21714,15,,,0,30,,21713,15,,,0,70,,21712,15,,,0,30,,21711,15,,,0,70,,21710,15,,,0,30,,21709,15,,,0,70,,21708,15,,,0,104,,21707,15,,,0,102,,21706,15,,,0,100,,21705,15,,,0,100,,21704,15,,,0,100,,21700,15,,,0,100,,21699,15,,,0,100,,21698,15,,,0
569301,'3',625,,21731,15,,,0,30,,21758,15,,,0,70,,21737,15,,,0,30,,21736,15,,,0,70,,21757,15,,,0,30,,21735,15,,,0,70,,21756,15,,,0,30,,21734,15,,,0,68,,21755,15,,,0,30,,21754,15,,,0,70,,21753,15,,,0,30,,21752,15,,,0,70,,21751,15,,,0,30,,21750,15,,,0,70,,21749,15,,,0,30,,21748,15,,,0,70,,21747,15,,,0,30,,21746,15,,,0,70,,21745,15,,,0,30,,21744,15,,,0,70,,21743,15,,,0,30,,21742,15,,,0,70,,21741,15,,,0,30,,21730,15,,,0,70,,21740,15,,,0,100,,21739,15,,,0,100,,21738,15,,,0,100,,21760,15,,,0,101,,21759,15,,,0,100,,21733,15,,,0,100,,21732,15,,,0
569400,'1',514,,21781,7,,,0,30,,21780,7,,,0,70,,21779,7,,,0,30,,21778,7,,,0,70,,21777,7,,,0,35,,21776,7,,,0,70,,21782,7,,,0,30,,21783,7,,,0,70,,21784,7,,,0,30,,21785,7,,,0,70,,21786,7,,,0,30,,21787,7,,,0,70,,21775,7,,,0,30,,21774,7,,,0,70,,21773,7,,,0,30,,21772,7,,,0,70,,21771,7,,,0,30,,21770,7,,,0,70,,21769,7,,,0,30,,21768,7,,,0,70,,21788,7,,,0,30,,21789,7,,,0,70,,21790,7,,,0,30,,21791,7,,,0,70,,21792,7,,,0,30,,21793,7,,,0,70,,21794,7,,,0,30,,21795,7,,,0,90,,21762,7,,,0,95,,21767,7,,,0,100,,21766,7,,,0,100,,21765,7,,,0,105,,21764,7,,,0,100,,21763,7,,,0,100,,21761,7,,,0
569400,'2',504,,21796,7,,,0,30,,21803,7,,,0,70,,21802,7,,,0,30,,21804,7,,,0,70,,21801,7,,,0,30,,21805,7,,,0,70,,21830,7,,,0,30,,21806,7,,,0,70,,21807,7,,,0,30,,21808,7,,,0,70,,21809,7,,,0,30,,21810,7,,,0,70,,21811,7,,,0,30,,21812,7,,,0,70,,21813,7,,,0,30,,21814,7,,,0,70,,21815,7,,,0,30,,21816,7,,,0,70,,21817,7,,,0,30,,21818,7,,,0,70,,21819,7,,,0,30,,21820,7,,,0,70,,21821,7,,,0,30,,21822,7,,,0,70,,21823,7,,,0,30,,21824,7,,,0,70,,21825,7,,,0,30,,21826,7,,,0,105,,21827,7,,,0,100,,21828,7,,,0,100,,21829,7,,,0,100,,21800,7,,,0,100,,21799,7,,,0,100,,21798,7,,,0,100,,21797,7,,,0
569400,'3',603,,21833,7,,,0,30,,21832,7,,,0,70,,21834,7,,,0,30,,21840,7,,,0,70,,21838,7,,,0,30,,21841,7,,,0,70,,21837,7,,,0,30,,21842,7,,,0,71,,21843,7,,,0,30,,21844,7,,,0,70,,21845,7,,,0,30,,21846,7,,,0,70,,21847,7,,,0,30,,21848,7,,,0,70,,21849,7,,,0,30,,21850,7,,,0,70,,21851,7,,,0,30,,21852,7,,,0,70,,21853,7,,,0,30,,21854,7,,,0,70,,21855,7,,,0,30,,21856,7,,,0,70,,21857,7,,,0,30,,21858,7,,,0,70,,21831,7,,,0,30,,21859,7,,,0,99,,21860,7,,,0,100,,21861,7,,,0,100,,21839,7,,,0,100,,21836,7,,,0,100,,21835,7,,,0
569500,'703',1008,,21969,7,,,0,100,,21968,7,,,0,100,,21967,7,,,0,100,,21966,7,,,0,100,,21965,7,,,0,100,,21964,7,,,0,100,,21963,7,,,0
