566100,'1601',749,,15637,37,4,,0,8,,15638,37,4,,0
566100,'1',603,,15640,37,4,,0,100,,15642,37,4,,0,28,,15643,37,4,,0,70,,15645,37,4,,0,30,,15647,37,4,,0,70,,15649,37,4,,0,30,,15651,37,4,,0,85,,15653,37,4,,0,99,,15655,37,4,,0,100,,15657,37,4,,0,100,,15659,37,4,,0,100,,15661,37,4,,0,91,,15663,37,4,,0,30,,15665,37,4,,0,70,,15667,37,4,,0,30,,15669,37,4,,0,70,,15671,37,4,,0,30,,15673,37,4,,0,70,,15675,37,4,,0,31,,15677,37,4,,0,100,,15679,37,4,,0,100,,15681,37,4,,0,100,,15683,37,4,,0,204,,15685,42,4,,0,115,,15686,42,4,,0
566100,'2',711,,15710,37,4,,0,96,,15692,37,4,,0,100,,15718,37,4,,0,101,,15707,37,4,,0,100,,15705,37,4,,0,100,,15690,37,4,,0,100,,15694,37,4,,0,102,,15701,37,4,,0,100,,15699,37,4,,0,100,,15708,37,4,,0,100,,15717,37,4,,0,100,,15688,37,4,,0,105,,15721,37,4,,0,100,,15715,37,4,,0,98,,15713,37,4,,0,100,,15697,37,4,,0,100,,15695,37,4,,0,113,,15711,42,4,,0
566100,'3',723,,15733,37,4,,0,100,,15734,37,4,,0,100,,15735,37,4,,0,100,,15736,37,4,,0,100,,15737,37,4,,0,100,,15738,37,4,,0,100,,15739,37,4,,0,100,,15740,37,4,,0,100,,15741,37,4,,0,100,,15742,37,4,,0,100,,15743,37,4,,0,100,,15744,37,4,,0,100,,15750,37,4,,0,100,,15751,37,4,,0,100,,15752,37,4,,0,100,,15753,37,4,,0,100,,15754,37,4,,0,100,,15756,37,4,,0
566101,'1601',1447,,15757,1,0,8 40 3 41,0,2,,15758,1,0,8 40 3 41,0
566101,'1',507,,15759,1,,,0,104,,15761,1,,,0,41,,15763,1,,,0,70,,15765,1,,,0,30,,15767,1,,,0,70,,15769,1,,,0,30,,15771,1,,,0,100,,15773,1,,,0,100,,15775,1,,,0,100,,15777,1,,,0,100,,15779,1,,,0,100,,15781,1,,,0,100,,15783,1,,,0,74,,15785,1,,,0,30,,15787,1,,,0,70,,15789,1,,,0,30,,15791,1,,,0,70,,15793,1,,,0,30,,15795,1,,,0,91,,15797,1,,,0,100,,15799,1,,,0,100,,15801,1,,,0,103,,15803,1,,,0,200,,15805,1,,,0
566101,'2',720,,15825,1,,,0,100,,15815,1,,,0,98,,15818,1,,,0,100,,15813,1,,,0,100,,15826,1,,,0,100,,15811,1,,,0,100,,15822,1,,,0,100,,15808,1,,,0,100,,15835,1,,,0,100,,15839,1,,,0,100,,15807,1,,,0,105,,15831,1,,,0,103,,15832,1,,,0,100,,15836,1,,,0,100,,15820,1,,,0,100,,15827,1,,,0,110,,15829,1,,,0
566101,'3',735,,15852,1,,,0,100,,15853,1,,,0,100,,15854,1,,,0,100,,15855,1,,,0,100,,15856,1,,,0,100,,15857,1,,,0,100,,15858,1,,,0,100,,15859,1,,,0,100,,15860,1,,,0,100,,15861,1,,,0,100,,15862,1,,,0,100,,15863,1,,,0,100,,15864,1,,,0,100,,15865,1,,,0,100,,15866,1,,,0,100,,15867,1,,,0,100,,15873,1,,,0
566600,'1601',1516,,16486,22,4,,0
566600,'1',2551,,16489,67,4,,0
566601,'1601',804,,16629,1,0,21 22,0
