569000,'1',451,,20462,9,,,0,55,,20432,9,,,0,20,,20425,9,,,0,20,,20426,9,,,0,60,,20427,9,,,0,20,,20428,9,,,0,20,,20429,9,,,0,61,,20430,9,,,0,20,,20431,9,,,0,20,,20424,9,,,0,60,,20461,9,,,0,20,,20460,9,,,0,20,,20459,9,,,0,60,,20458,9,,,0,20,,20457,9,,,0,20,,20456,9,,,0,60,,20455,9,,,0,20,,20452,9,,,0,20,,20451,9,,,0,60,,20450,9,,,0,20,,20449,9,,,0,20,,20448,9,,,0,60,,20447,9,,,0,20,,20454,9,,,0,20,,20453,9,,,0,60,,20478,9,,,0,20,,20446,9,,,0,21,,20445,9,,,0,60,,20444,9,,,0,20,,20443,9,,,0,20,,20442,9,,,0,60,,20441,9,,,0,20,,20440,9,,,0,20,,20439,9,,,0,60,,20438,9,,,0,20,,20437,9,,,0,20,,20436,9,,,0,60,,20435,9,,,0,20,,20434,9,,,0,20,,20433,9,,,0,63,,20463,9,,,0,30,,20464,9,,,0,74,,20465,9,,,0,30,,20466,9,,,0,70,,20467,9,,,0,30,,20468,9,,,0,70,,20469,9,,,0,30,,20477,9,,,0,68,,20476,9,,,0,30,,20475,9,,,0,70,,20474,9,,,0,30,,20473,9,,,0,70,,20472,9,,,0,32,,20471,9,,,0,80,,20470,9,,,0
569000,'2',505,,20528,9,,,0,30,,20527,9,,,0,71,,20526,9,,,0,30,,20525,9,,,0,70,,20524,9,,,0,30,,20523,9,,,0,70,,20522,9,,,0,20,,20480,9,,,0,20,,20521,9,,,0,60,,20520,9,,,0,20,,20519,9,,,0,20,,20518,9,,,0,60,,20517,9,,,0,20,,20516,9,,,0,20,,20515,9,,,0,60,,20514,9,,,0,20,,20513,9,,,0,20,,20512,9,,,0,60,,20511,9,,,0,20,,20510,9,,,0,20,,20509,9,,,0,60,,20508,9,,,0,20,,20507,9,,,0,20,,20506,9,,,0,60,,20505,9,,,0,20,,20504,9,,,0,20,,20503,9,,,0,60,,20502,9,,,0,20,,20501,9,,,0,20,,20500,9,,,0,60,,20499,9,,,0,20,,20498,9,,,0,20,,20497,9,,,0,60,,20496,9,,,0,30,,20495,9,,,0,71,,20494,9,,,0,30,,20493,9,,,0,70,,20492,9,,,0,30,,20491,9,,,0,70,,20490,9,,,0,30,,20489,9,,,0,70,,20488,9,,,0,30,,20487,9,,,0,68,,20486,9,,,0,30,,20485,9,,,0,70,,20484,9,,,0,30,,20483,9,,,0,70,,20482,9,,,0,30,,20479,9,,,0,90,,20481,9,,,0
569000,'3',605,,20529,9,,,0,100,,20530,9,,,0,30,,20531,9,,,0,70,,20532,9,,,0,30,,20533,9,,,0,72,,20534,9,,,0,30,,20535,9,,,0,70,,20536,9,,,0,30,,20537,9,,,0,70,,20538,9,,,0,30,,20539,9,,,0,70,,20540,9,,,0,30,,20541,9,,,0,70,,20542,9,,,0,30,,20543,9,,,0,70,,20544,9,,,0,30,,20545,9,,,0,70,,20546,9,,,0,30,,20547,9,,,0,70,,20548,9,,,0,30,,20549,9,,,0,70,,20550,9,,,0,30,,20551,9,,,0,70,,20552,9,,,0,30,,20553,9,,,0,70,,20554,9,,,0,30,,20555,9,,,0,69,,20556,9,,,0,30,,20557,9,,,0,70,,20558,9,,,0,30,,20559,9,,,0,70,,20560,9,,,0,30,,20561,9,,,0,70,,20562,9,,,0,30,,20563,9,,,0,70,,20564,9,,,0
569301,'1',534,,21679,17,,,0,70,,21678,17,,,0,30,,21677,17,,,0,70,,21676,17,,,0,32,,21680,17,,,0,70,,21681,17,,,0,30,,21682,17,,,0,70,,21683,17,,,0,30,,21684,17,,,0,70,,21685,17,,,0,30,,21686,17,,,0,70,,21675,17,,,0,30,,21674,17,,,0,70,,21673,17,,,0,30,,21672,17,,,0,70,,21671,17,,,0,30,,21670,17,,,0,70,,21669,17,,,0,30,,21668,17,,,0,70,,21687,17,,,0,30,,21688,17,,,0,70,,21689,17,,,0,30,,21690,17,,,0,70,,21691,17,,,0,30,,21692,17,,,0,70,,21693,17,,,0,30,,21694,17,,,0,70,,21695,17,,,0,24,,21667,17,,,0,95,,21666,17,,,0,100,,21665,17,,,0,99,,21664,17,,,0,105,,21663,17,,,0,100,,21662,17,,,0,100,,21661,17,,,0
569301,'2',523,,21696,17,,,0,30,,21697,17,,,0,70,,21729,17,,,0,30,,21703,17,,,0,70,,21728,17,,,0,30,,21701,17,,,0,71,,21727,17,,,0,30,,21702,17,,,0,70,,21726,17,,,0,30,,21725,17,,,0,70,,21724,17,,,0,30,,21723,17,,,0,70,,21722,17,,,0,30,,21721,17,,,0,70,,21720,17,,,0,30,,21719,17,,,0,70,,21718,17,,,0,30,,21717,17,,,0,70,,21716,17,,,0,30,,21715,17,,,0,70,,21714,17,,,0,30,,21713,17,,,0,70,,21712,17,,,0,30,,21711,17,,,0,70,,21710,17,,,0,30,,21709,17,,,0,70,,21708,17,,,0,104,,21707,17,,,0,102,,21706,17,,,0,100,,21705,17,,,0,99,,21704,17,,,0,100,,21700,17,,,0,100,,21699,17,,,0,100,,21698,17,,,0
569301,'3',626,,21731,17,,,0,30,,21758,17,,,0,70,,21737,17,,,0,30,,21736,17,,,0,70,,21757,17,,,0,30,,21735,17,,,0,70,,21756,17,,,0,30,,21734,17,,,0,69,,21755,17,,,0,30,,21754,17,,,0,70,,21753,17,,,0,30,,21752,17,,,0,70,,21751,17,,,0,30,,21750,17,,,0,70,,21749,17,,,0,30,,21748,17,,,0,70,,21747,17,,,0,30,,21746,17,,,0,70,,21745,17,,,0,30,,21744,17,,,0,70,,21743,17,,,0,30,,21742,17,,,0,70,,21741,17,,,0,30,,21730,17,,,0,70,,21740,17,,,0,100,,21739,17,,,0,100,,21738,17,,,0,100,,21760,17,,,0,100,,21759,17,,,0,100,,21733,17,,,0,100,,21732,17,,,0
569401,'1',546,,21880,10,,,0,70,,21879,10,,,0,30,,21878,10,,,0,70,,21877,10,,,0,30,,21876,10,,,0,70,,21881,10,,,0,30,,21882,10,,,0,70,,21883,10,,,0,30,,21884,10,,,0,70,,21885,10,,,0,30,,21886,10,,,0,70,,21875,10,,,0,30,,21874,10,,,0,70,,21873,10,,,0,30,,21872,10,,,0,70,,21871,10,,,0,30,,21870,10,,,0,70,,21869,10,,,0,30,,21868,10,,,0,70,,21887,10,,,0,30,,21888,10,,,0,70,,21889,10,,,0,30,,21890,10,,,0,70,,21891,10,,,0,30,,21892,10,,,0,70,,21893,10,,,0,30,,21894,10,,,0,70,,21896,10,,,0,40,,21895,10,,,0,100,,21867,10,,,0,100,,21866,10,,,0,100,,21865,10,,,0,100,,21864,10,,,0,100,,21863,10,,,0,101,,21862,10,,,0
569401,'2',526,,21897,10,,,0,30,,21904,10,,,0,70,,21903,10,,,0,30,,21905,10,,,0,70,,21902,10,,,0,30,,21906,10,,,0,71,,21931,10,,,0,30,,21907,10,,,0,70,,21908,10,,,0,30,,21909,10,,,0,70,,21910,10,,,0,30,,21911,10,,,0,70,,21912,10,,,0,30,,21913,10,,,0,70,,21914,10,,,0,30,,21915,10,,,0,70,,21916,10,,,0,30,,21917,10,,,0,70,,21918,10,,,0,30,,21919,10,,,0,70,,21920,10,,,0,30,,21921,10,,,0,70,,21922,10,,,0,30,,21923,10,,,0,70,,21924,10,,,0,30,,21925,10,,,0,70,,21926,10,,,0,30,,21927,10,,,0,100,,21928,10,,,0,100,,21929,10,,,0,100,,21930,10,,,0,100,,21901,10,,,0,100,,21900,10,,,0,100,,21899,10,,,0,100,,21898,10,,,0
569401,'3',627,,21935,10,,,0,30,,21936,10,,,0,70,,21937,10,,,0,30,,21941,10,,,0,70,,21939,10,,,0,30,,21942,10,,,0,70,,21938,10,,,0,30,,21943,10,,,0,69,,21944,10,,,0,30,,21945,10,,,0,70,,21946,10,,,0,30,,21947,10,,,0,70,,21948,10,,,0,30,,21949,10,,,0,70,,21950,10,,,0,30,,21951,10,,,0,70,,21952,10,,,0,30,,21953,10,,,0,70,,21954,10,,,0,30,,21955,10,,,0,70,,21956,10,,,0,30,,21957,10,,,0,70,,21958,10,,,0,30,,21959,10,,,0,70,,21932,10,,,0,30,,21960,10,,,0,101,,21961,10,,,0,100,,21962,10,,,0,100,,21940,10,,,0,100,,21934,10,,,0,100,,21933,10,,,0
569501,'703',1053,,21976,18,,,0,100,,21971,18,,,0,100,,21970,18,,,0,100,,21975,18,,,0,100,,21974,18,,,0,100,,21973,18,,,0,100,,21972,18,,,0
