555500,'1',506,,5102,6,,,0,20,,5101,6,,,0,20,,5100,6,,,0,60,,5099,6,,,0,20,,5098,6,,,0,20,,5097,6,,,0,55,,5096,6,,,0,15,,5095,6,,,0,15,,5094,6,,,0,15,,5093,6,,,0,55,,5092,6,,,0,15,,5091,6,,,0,15,,5090,6,,,0,15,,5089,6,,,0,55,,5088,6,,,0,15,,5087,6,,,0,15,,5086,6,,,0,20,,5085,6,,,0,63,,5084,6,,,0,17,,5083,6,,,0,20,,5082,6,,,0,60,,5081,6,,,0,20,,5080,6,,,0,20,,5079,6,,,0,60,,5078,6,,,0,20,,5077,6,,,0,20,,5076,6,,,0,60,,5075,6,,,0,20,,5074,6,,,0,22,,5073,6,,,0,60,,5072,6,,,0,20,,5071,6,,,0,20,,5070,6,,,0,55,,5069,6,,,0,15,,5068,6,,,0,15,,5067,6,,,0,15,,5066,6,,,0,55,,5065,6,,,0,15,,5064,6,,,0,15,,5063,6,,,0,15,,5062,6,,,0,55,,5061,6,,,0,15,,5060,6,,,0,15,,5059,6,,,0,15,,5058,6,,,0,55,,5057,6,,,0,28,,5056,6,,,0,70,,5055,6,,,0,30,,5054,6,,,0,70,,5053,6,,,0,30,,5052,6,,,0,70,,5051,6,,,0,30,,5050,6,,,0,70,,5049,6,,,0,30,,5048,6,,,0,70,,5047,6,,,0,30,,5046,6,,,0,70,,5045,6,,,0,30,,5044,6,,,0,90,,5043,6,,,0
555500,'2',556,,5121,6,,,0,70,,5112,6,,,0,30,,5110,6,,,0,70,,5106,6,,,0,30,,5129,6,,,0,70,,5105,6,,,0,30,,5130,6,,,0,70,,5115,6,,,0,30,,5117,6,,,0,70,,5114,6,,,0,30,,5140,6,,,0,70,,5103,6,,,0,30,,5134,6,,,0,70,,5120,6,,,0,30,,5111,6,,,0,70,,5136,6,,,0,30,,5139,6,,,0,70,,5137,6,,,0,30,,5141,6,,,0,70,,5135,6,,,0,30,,5128,6,,,0,70,,5138,6,,,0,30,,5131,6,,,0,70,,5133,6,,,0,30,,5132,6,,,0,70,,5127,6,,,0,30,,5107,6,,,0,69,,5116,6,,,0,30,,5126,6,,,0,70,,5124,6,,,0,30,,5109,6,,,0,70,,5113,6,,,0,30,,5125,6,,,0,70,,5123,6,,,0,30,,5122,6,,,0,70,,5108,6,,,0,30,,5104,6,,,0,80,,5118,6,,,0,90,,5119,6,,,0
555500,'3',604,,5166,6,,,0,30,,5174,6,,,0,70,,5167,6,,,0,30,,5175,6,,,0,70,,5165,6,,,0,30,,5176,6,,,0,72,,5173,6,,,0,30,,5172,6,,,0,70,,5171,6,,,0,30,,5170,6,,,0,70,,5169,6,,,0,30,,5164,6,,,0,70,,5162,6,,,0,30,,5150,6,,,0,70,,5163,6,,,0,30,,5161,6,,,0,70,,5158,6,,,0,30,,5159,6,,,0,70,,5160,6,,,0,30,,5157,6,,,0,70,,5156,6,,,0,30,,5155,6,,,0,70,,5153,6,,,0,30,,5151,6,,,0,70,,5152,6,,,0,30,,5154,6,,,0,69,,5177,6,,,0,30,,5168,6,,,0,70,,5178,6,,,0,30,,5149,6,,,0,70,,5148,6,,,0,30,,5147,6,,,0,70,,5146,6,,,0,30,,5145,6,,,0,70,,5144,6,,,0,30,,5143,6,,,0,70,,5142,6,,,0
555600,'1601',1537,,5315,6,,,0
555600,'1',536,,5375,6,,,0,20,,5374,6,,,0,57,,5373,6,,,0,15,,5372,6,,,0,15,,5371,6,,,0,15,,5370,6,,,0,55,,5369,6,,,0,15,,5368,6,,,0,15,,5367,6,,,0,15,,5366,6,,,0,55,,5365,6,,,0,15,,5364,6,,,0,15,,5363,6,,,0,15,,5362,6,,,0,58,,5361,6,,,0,20,,5360,6,,,0,20,,5359,6,,,0,60,,5358,6,,,0,20,,5357,6,,,0,20,,5356,6,,,0,60,,5355,6,,,0,20,,5354,6,,,0,20,,5353,6,,,0,60,,5352,6,,,0,20,,5351,6,,,0,20,,5350,6,,,0,60,,5349,6,,,0,21,,5348,6,,,0,20,,5347,6,,,0,55,,5346,6,,,0,15,,5345,6,,,0,15,,5344,6,,,0,15,,5343,6,,,0,55,,5342,6,,,0,15,,5341,6,,,0,15,,5340,6,,,0,15,,5339,6,,,0,55,,5338,6,,,0,15,,5337,6,,,0,15,,5336,6,,,0,15,,5335,6,,,0,55,,5334,6,,,0,15,,5333,6,,,0,15,,5332,6,,,0,60,,5331,6,,,0,25,,5330,6,,,0,25,,5329,6,,,0,69,,5328,6,,,0,30,,5327,6,,,0,70,,5326,6,,,0,30,,5325,6,,,0,70,,5324,6,,,0,29,,5323,6,,,0,70,,5322,6,,,0,30,,5321,6,,,0,70,,5320,6,,,0,30,,5319,6,,,0,70,,5318,6,,,0,35,,5317,6,,,0,70,,5316,6,,,0
555600,'2',544,,5413,6,,,0,70,,5412,6,,,0,30,,5411,6,,,0,70,,5410,6,,,0,30,,5409,6,,,0,70,,5408,6,,,0,32,,5407,6,,,0,60,,5406,6,,,0,20,,5405,6,,,0,20,,5404,6,,,0,60,,5403,6,,,0,20,,5402,6,,,0,20,,5401,6,,,0,60,,5400,6,,,0,20,,5399,6,,,0,20,,5398,6,,,0,60,,5397,6,,,0,20,,5396,6,,,0,20,,5395,6,,,0,60,,5394,6,,,0,20,,5393,6,,,0,20,,5392,6,,,0,60,,5391,6,,,0,20,,5390,6,,,0,20,,5389,6,,,0,60,,5388,6,,,0,20,,5387,6,,,0,20,,5386,6,,,0,60,,5385,6,,,0,20,,5384,6,,,0,20,,5383,6,,,0,59,,5382,6,,,0,20,,5381,6,,,0,25,,5380,6,,,0,70,,5379,6,,,0,30,,5378,6,,,0,70,,5377,6,,,0,30,,5376,6,,,0,70,,5424,6,,,0,30,,5423,6,,,0,70,,5422,6,,,0,30,,5421,6,,,0,70,,5420,6,,,0,30,,5419,6,,,0,70,,5418,6,,,0,30,,5417,6,,,0,70,,5416,6,,,0,30,,5415,6,,,0,75,,5414,6,,,0
555600,'3',644,,5437,6,,,0,70,,5436,6,,,0,30,,5438,6,,,0,70,,5435,6,,,0,30,,5439,6,,,0,72,,5440,6,,,0,30,,5441,6,,,0,70,,5442,6,,,0,30,,5443,6,,,0,70,,5444,6,,,0,30,,5445,6,,,0,70,,5446,6,,,0,30,,5447,6,,,0,70,,5448,6,,,0,30,,5449,6,,,0,70,,5450,6,,,0,30,,5451,6,,,0,70,,5452,6,,,0,30,,5453,6,,,0,70,,5454,6,,,0,30,,5455,6,,,0,70,,5456,6,,,0,29,,5457,6,,,0,70,,5434,6,,,0,30,,5458,6,,,0,70,,5433,6,,,0,30,,5459,6,,,0,70,,5432,6,,,0,30,,5460,6,,,0,70,,5431,6,,,0,30,,5430,6,,,0,70,,5429,6,,,0,30,,5428,6,,,0,70,,5427,6,,,0,30,,5426,6,,,0,60,,5425,6,,,0
555700,'1601',1605,,5609,6,,,0
555700,'1',526,,5668,6,,,0,20,,5667,6,,,0,60,,5666,6,,,0,20,,5665,6,,,0,20,,5664,6,,,0,60,,5663,6,,,0,15,,5662,6,,,0,15,,5661,6,,,0,15,,5660,6,,,0,55,,5659,6,,,0,15,,5658,6,,,0,15,,5657,6,,,0,15,,5656,6,,,0,55,,5655,6,,,0,20,,5654,6,,,0,20,,5653,6,,,0,60,,5652,6,,,0,20,,5651,6,,,0,20,,5650,6,,,0,60,,5649,6,,,0,20,,5648,6,,,0,20,,5647,6,,,0,60,,5646,6,,,0,20,,5645,6,,,0,20,,5644,6,,,0,60,,5643,6,,,0,20,,5642,6,,,0,21,,5641,6,,,0,60,,5640,6,,,0,15,,5639,6,,,0,15,,5638,6,,,0,15,,5637,6,,,0,55,,5636,6,,,0,15,,5635,6,,,0,15,,5634,6,,,0,15,,5633,6,,,0,55,,5632,6,,,0,15,,5631,6,,,0,15,,5630,6,,,0,15,,5629,6,,,0,55,,5628,6,,,0,15,,5627,6,,,0,15,,5626,6,,,0,15,,5625,6,,,0,55,,5624,6,,,0,29,,5623,6,,,0,70,,5622,6,,,0,30,,5621,6,,,0,70,,5620,6,,,0,30,,5619,6,,,0,70,,5618,6,,,0,29,,5617,6,,,0,70,,5616,6,,,0,30,,5615,6,,,0,70,,5614,6,,,0,30,,5613,6,,,0,70,,5612,6,,,0,30,,5611,6,,,0,70,,5610,6,,,0
555700,'2',559,,5711,6,,,0,70,,5710,6,,,0,30,,5709,6,,,0,70,,5708,6,,,0,30,,5707,6,,,0,70,,5706,6,,,0,27,,5705,6,,,0,60,,5704,6,,,0,20,,5703,6,,,0,20,,5702,6,,,0,60,,5701,6,,,0,20,,5700,6,,,0,20,,5699,6,,,0,60,,5698,6,,,0,20,,5697,6,,,0,20,,5696,6,,,0,60,,5695,6,,,0,20,,5694,6,,,0,20,,5693,6,,,0,60,,5692,6,,,0,20,,5691,6,,,0,20,,5690,6,,,0,60,,5689,6,,,0,20,,5688,6,,,0,20,,5687,6,,,0,60,,5686,6,,,0,20,,5685,6,,,0,20,,5684,6,,,0,60,,5683,6,,,0,20,,5682,6,,,0,20,,5681,6,,,0,59,,5680,6,,,0,20,,5679,6,,,0,70,,5678,6,,,0,30,,5677,6,,,0,70,,5676,6,,,0,30,,5675,6,,,0,70,,5674,6,,,0,30,,5673,6,,,0,70,,5672,6,,,0,30,,5671,6,,,0,70,,5670,6,,,0,30,,5669,6,,,0,70,,5716,6,,,0,30,,5715,6,,,0,70,,5714,6,,,0,30,,5713,6,,,0,70,,5712,6,,,0
555700,'3',624,,5746,6,,,0,30,,5747,6,,,0,70,,5745,6,,,0,30,,5748,6,,,0,70,,5744,6,,,0,30,,5749,6,,,0,72,,5743,6,,,0,30,,5742,6,,,0,70,,5741,6,,,0,30,,5740,6,,,0,70,,5739,6,,,0,30,,5738,6,,,0,70,,5737,6,,,0,30,,5736,6,,,0,70,,5735,6,,,0,30,,5734,6,,,0,70,,5733,6,,,0,30,,5732,6,,,0,70,,5731,6,,,0,30,,5730,6,,,0,70,,5729,6,,,0,30,,5728,6,,,0,70,,5727,6,,,0,29,,5726,6,,,0,70,,5725,6,,,0,30,,5750,6,,,0,70,,5724,6,,,0,30,,5751,6,,,0,70,,5723,6,,,0,30,,5722,6,,,0,70,,5721,6,,,0,30,,5720,6,,,0,70,,5719,6,,,0,30,,5718,6,,,0,80,,5717,6,,,0
555800,'1',524,,5973,6,,,0,20,,5972,6,,,0,60,,5971,6,,,0,21,,5970,6,,,0,12,,5969,6,,,0,15,,5968,6,,,0,52,,5967,6,,,0,12,,5966,6,,,0,12,,5965,6,,,0,12,,5964,6,,,0,12,,5963,6,,,0,52,,5962,6,,,0,12,,5961,6,,,0,12,,5960,6,,,0,11,,5959,6,,,0,12,,5958,6,,,0,55,,5957,6,,,0,15,,5956,6,,,0,15,,5955,6,,,0,15,,5954,6,,,0,55,,5953,6,,,0,15,,5952,6,,,0,15,,5951,6,,,0,15,,5950,6,,,0,55,,5949,6,,,0,15,,5948,6,,,0,15,,5947,6,,,0,15,,5946,6,,,0,55,,5945,6,,,0,15,,5944,6,,,0,15,,5943,6,,,0,15,,5942,6,,,0,55,,5941,6,,,0,15,,5940,6,,,0,15,,5939,6,,,0,16,,5938,6,,,0,55,,5937,6,,,0,15,,5936,6,,,0,12,,5935,6,,,0,12,,5934,6,,,0,12,,5933,6,,,0,52,,5932,6,,,0,12,,5931,6,,,0,12,,5930,6,,,0,12,,5929,6,,,0,12,,5928,6,,,0,52,,5927,6,,,0,12,,5926,6,,,0,12,,5925,6,,,0,12,,5924,6,,,0,12,,5923,6,,,0,52,,5922,6,,,0,12,,5921,6,,,0,12,,5920,6,,,0,12,,5919,6,,,0,12,,5918,6,,,0,52,,5917,6,,,0,12,,5916,6,,,0,15,,5915,6,,,0,15,,5914,6,,,0,55,,5913,6,,,0,15,,5912,6,,,0,15,,5911,6,,,0,14,,5910,6,,,0,55,,5909,6,,,0,20,,5908,6,,,0,20,,5907,6,,,0,60,,5906,6,,,0,30,,5905,6,,,0,69,,5904,6,,,0,30,,5903,6,,,0,70,,5902,6,,,0,30,,5901,6,,,0,70,,5900,6,,,0,30,,5899,6,,,0,90,,5898,6,,,0
555800,'2',539,,6012,6,,,0,71,,6011,6,,,0,30,,6010,6,,,0,70,,6009,6,,,0,30,,6008,6,,,0,70,,6007,6,,,0,25,,6006,6,,,0,20,,6005,6,,,0,60,,6004,6,,,0,20,,6003,6,,,0,20,,6002,6,,,0,60,,6001,6,,,0,20,,6000,6,,,0,20,,5999,6,,,0,60,,5998,6,,,0,20,,5997,6,,,0,20,,5996,6,,,0,61,,5995,6,,,0,20,,5994,6,,,0,20,,5993,6,,,0,60,,5992,6,,,0,20,,5991,6,,,0,20,,5990,6,,,0,60,,5989,6,,,0,20,,5988,6,,,0,20,,5987,6,,,0,60,,5986,6,,,0,20,,5985,6,,,0,20,,5984,6,,,0,60,,5983,6,,,0,20,,5982,6,,,0,20,,5981,6,,,0,60,,5980,6,,,0,20,,5979,6,,,0,70,,5978,6,,,0,30,,5977,6,,,0,70,,5976,6,,,0,30,,5975,6,,,0,70,,6021,6,,,0,30,,6020,6,,,0,69,,6019,6,,,0,30,,6018,6,,,0,70,,6017,6,,,0,30,,6016,6,,,0,70,,6015,6,,,0,30,,6014,6,,,0,70,,5974,6,,,0,30,,6013,6,,,0
555800,'3',604,,6025,6,,,0,30,,6058,6,,,0,70,,6057,6,,,0,30,,6056,6,,,0,70,,6055,6,,,0,30,,6054,6,,,0,72,,6053,6,,,0,30,,6052,6,,,0,70,,6051,6,,,0,30,,6050,6,,,0,70,,6049,6,,,0,30,,6048,6,,,0,70,,6047,6,,,0,30,,6046,6,,,0,70,,6045,6,,,0,30,,6044,6,,,0,70,,6043,6,,,0,30,,6042,6,,,0,70,,6041,6,,,0,30,,6040,6,,,0,70,,6039,6,,,0,30,,6038,6,,,0,70,,6037,6,,,0,30,,6036,6,,,0,70,,6035,6,,,0,30,,6028,6,,,0,70,,6034,6,,,0,30,,6027,6,,,0,70,,6033,6,,,0,30,,6026,6,,,0,69,,6032,6,,,0,30,,6024,6,,,0,70,,6031,6,,,0,30,,6023,6,,,0,70,,6030,6,,,0,30,,6022,6,,,0,70,,6029,6,,,0
555900,'1',534,,6293,6,,,0,25,,6292,6,,,0,60,,6291,6,,,0,12,,6290,6,,,0,12,,6289,6,,,0,15,,6288,6,,,0,52,,6287,6,,,0,12,,6286,6,,,0,12,,6285,6,,,0,12,,6284,6,,,0,12,,6283,6,,,0,52,,6282,6,,,0,12,,6281,6,,,0,12,,6280,6,,,0,12,,6279,6,,,0,11,,6278,6,,,0,54,,6277,6,,,0,15,,6276,6,,,0,15,,6275,6,,,0,15,,6274,6,,,0,55,,6273,6,,,0,15,,6272,6,,,0,15,,6271,6,,,0,15,,6270,6,,,0,55,,6269,6,,,0,15,,6268,6,,,0,15,,6267,6,,,0,15,,6266,6,,,0,55,,6265,6,,,0,15,,6264,6,,,0,15,,6263,6,,,0,15,,6262,6,,,0,55,,6261,6,,,0,15,,6260,6,,,0,15,,6259,6,,,0,15,,6258,6,,,0,55,,6257,6,,,0,16,,6256,6,,,0,13,,6255,6,,,0,12,,6254,6,,,0,52,,6253,6,,,0,12,,6252,6,,,0,12,,6251,6,,,0,12,,6250,6,,,0,12,,6249,6,,,0,52,,6248,6,,,0,12,,6247,6,,,0,12,,6246,6,,,0,12,,6245,6,,,0,12,,6244,6,,,0,52,,6243,6,,,0,12,,6242,6,,,0,12,,6241,6,,,0,12,,6240,6,,,0,12,,6239,6,,,0,52,,6238,6,,,0,12,,6237,6,,,0,14,,6236,6,,,0,14,,6235,6,,,0,15,,6234,6,,,0,55,,6233,6,,,0,15,,6232,6,,,0,15,,6231,6,,,0,14,,6230,6,,,0,58,,6229,6,,,0,20,,6228,6,,,0,20,,6227,6,,,0,60,,6226,6,,,0,20,,6225,6,,,0,20,,6224,6,,,0,59,,6223,6,,,0,30,,6222,6,,,0,70,,6221,6,,,0,30,,6218,6,,,0,70,,6220,6,,,0,90,,6219,6,,,0
555900,'2',554,,6328,6,,,0,71,,6327,6,,,0,30,,6326,6,,,0,70,,6325,6,,,0,30,,6324,6,,,0,65,,6323,6,,,0,30,,6322,6,,,0,65,,6321,6,,,0,25,,6320,6,,,0,60,,6319,6,,,0,20,,6318,6,,,0,20,,6317,6,,,0,60,,6316,6,,,0,20,,6315,6,,,0,20,,6314,6,,,0,60,,6313,6,,,0,21,,6312,6,,,0,20,,6311,6,,,0,60,,6310,6,,,0,20,,6309,6,,,0,20,,6308,6,,,0,60,,6307,6,,,0,20,,6306,6,,,0,20,,6305,6,,,0,60,,6304,6,,,0,20,,6303,6,,,0,20,,6302,6,,,0,60,,6301,6,,,0,20,,6300,6,,,0,20,,6299,6,,,0,60,,6298,6,,,0,20,,6297,6,,,0,20,,6296,6,,,0,60,,6342,6,,,0,20,,6341,6,,,0,30,,6340,6,,,0,70,,6339,6,,,0,30,,6338,6,,,0,70,,6337,6,,,0,30,,6336,6,,,0,69,,6335,6,,,0,30,,6334,6,,,0,70,,6333,6,,,0,30,,6332,6,,,0,65,,6331,6,,,0,90,,6330,6,,,0,100,,6329,6,,,0
555900,'3',619,,6346,6,,,0,30,,6378,6,,,0,70,,6377,6,,,0,30,,6376,6,,,0,70,,6375,6,,,0,30,,6374,6,,,0,72,,6373,6,,,0,30,,6372,6,,,0,70,,6371,6,,,0,30,,6370,6,,,0,70,,6369,6,,,0,30,,6368,6,,,0,70,,6367,6,,,0,30,,6366,6,,,0,70,,6365,6,,,0,30,,6364,6,,,0,70,,6363,6,,,0,30,,6362,6,,,0,70,,6361,6,,,0,30,,6360,6,,,0,70,,6359,6,,,0,30,,6358,6,,,0,70,,6357,6,,,0,30,,6356,6,,,0,70,,6352,6,,,0,30,,6351,6,,,0,70,,6350,6,,,0,30,,6349,6,,,0,70,,6348,6,,,0,30,,6347,6,,,0,68,,6355,6,,,0,30,,6345,6,,,0,70,,6354,6,,,0,30,,6344,6,,,0,70,,6353,6,,,0,30,,6343,6,,,0
556000,'1',501,,6598,6,,,0,35,,6595,6,,,0,20,,6594,6,,,0,60,,6593,6,,,0,20,,6592,6,,,0,17,,6591,6,,,0,55,,6590,6,,,0,15,,6589,6,,,0,15,,6588,6,,,0,15,,6587,6,,,0,55,,6586,6,,,0,15,,6585,6,,,0,15,,6584,6,,,0,70,,6583,6,,,0,30,,6582,6,,,0,70,,6581,6,,,0,30,,6580,6,,,0,70,,6579,6,,,0,30,,6578,6,,,0,70,,6577,6,,,0,30,,6576,6,,,0,70,,6575,6,,,0,30,,6574,6,,,0,70,,6573,6,,,0,32,,6572,6,,,0,15,,6571,6,,,0,55,,6570,6,,,0,15,,6569,6,,,0,15,,6568,6,,,0,15,,6567,6,,,0,55,,6566,6,,,0,15,,6565,6,,,0,15,,6564,6,,,0,15,,6563,6,,,0,55,,6562,6,,,0,15,,6561,6,,,0,15,,6560,6,,,0,15,,6559,6,,,0,55,,6558,6,,,0,15,,6557,6,,,0,30,,6556,6,,,0,68,,6555,6,,,0,30,,6554,6,,,0,70,,6553,6,,,0,30,,6552,6,,,0,70,,6551,6,,,0,30,,6550,6,,,0,70,,6549,6,,,0,30,,6548,6,,,0,68,,6547,6,,,0,30,,6546,6,,,0,70,,6545,6,,,0,30,,6544,6,,,0,75,,6543,6,,,0
556000,'2',534,,6656,6,,,0,70,,6610,6,,,0,15,,6658,6,,,0,15,,6611,6,,,0,70,,6612,6,,,0,30,,6613,6,,,0,70,,6614,6,,,0,30,,6615,6,,,0,72,,6627,6,,,0,20,,6624,6,,,0,20,,6626,6,,,0,60,,6625,6,,,0,20,,6621,6,,,0,20,,6617,6,,,0,60,,6616,6,,,0,20,,6628,6,,,0,20,,6631,6,,,0,60,,6630,6,,,0,20,,6629,6,,,0,20,,6639,6,,,0,60,,6641,6,,,0,20,,6636,6,,,0,20,,6638,6,,,0,60,,6637,6,,,0,20,,6632,6,,,0,20,,6645,6,,,0,60,,6643,6,,,0,20,,6640,6,,,0,20,,6642,6,,,0,60,,6608,6,,,0,20,,6609,6,,,0,20,,6646,6,,,0,60,,6644,6,,,0,20,,6633,6,,,0,20,,6647,6,,,0,60,,6648,6,,,0,20,,6649,6,,,0,20,,6657,6,,,0,60,,6634,6,,,0,30,,6635,6,,,0,70,,6650,6,,,0,30,,6651,6,,,0,70,,6618,6,,,0,30,,6619,6,,,0,70,,6620,6,,,0,30,,6622,6,,,0,69,,6623,6,,,0,30,,6652,6,,,0,70,,6653,6,,,0,30,,6654,6,,,0,70,,6655,6,,,0
556000,'3',534,,6696,6,,,0,70,,6679,6,,,0,30,,6697,6,,,0,70,,6678,6,,,0,30,,6698,6,,,0,70,,6677,6,,,0,30,,6699,6,,,0,73,,6676,6,,,0,30,,6700,6,,,0,70,,6674,6,,,0,30,,6691,6,,,0,70,,6684,6,,,0,30,,6680,6,,,0,70,,6683,6,,,0,30,,6694,6,,,0,70,,6695,6,,,0,30,,6673,6,,,0,70,,6682,6,,,0,30,,6690,6,,,0,70,,6681,6,,,0,30,,6688,6,,,0,70,,6689,6,,,0,30,,6675,6,,,0,70,,6687,6,,,0,30,,6686,6,,,0,70,,6685,6,,,0,30,,6672,6,,,0,68,,6693,6,,,0,30,,6671,6,,,0,70,,6692,6,,,0,30,,6666,6,,,0,70,,6665,6,,,0,30,,6664,6,,,0,69,,6663,6,,,0,30,,6662,6,,,0,70,,6661,6,,,0,30,,6660,6,,,0,70,,6659,6,,,0
