556200,'1601',749,,7120,37,4,,0,8,,7119,37,4,,0
556200,'1',603,,7167,37,4,,0,100,,7165,37,4,,0,28,,7164,37,4,,0,70,,7162,37,4,,0,30,,7160,37,4,,0,70,,7158,37,4,,0,30,,7156,37,4,,0,85,,7154,37,4,,0,99,,7152,37,4,,0,100,,7150,37,4,,0,100,,7148,37,4,,0,100,,7146,37,4,,0,91,,7144,37,4,,0,30,,7142,37,4,,0,70,,7140,37,4,,0,30,,7138,37,4,,0,70,,7136,37,4,,0,30,,7134,37,4,,0,70,,7132,37,4,,0,31,,7130,37,4,,0,100,,7128,37,4,,0,100,,7126,37,4,,0,100,,7124,37,4,,0,204,,7122,42,4,,0,115,,7121,42,4,,0
556200,'2',711,,7180,37,4,,0,96,,7198,37,4,,0,100,,7172,37,4,,0,101,,7183,37,4,,0,100,,7185,37,4,,0,100,,7200,37,4,,0,100,,7196,37,4,,0,102,,7189,37,4,,0,100,,7191,37,4,,0,100,,7182,37,4,,0,100,,7173,37,4,,0,100,,7202,37,4,,0,105,,7169,37,4,,0,100,,7175,37,4,,0,98,,7177,37,4,,0,100,,7193,37,4,,0,100,,7195,37,4,,0,113,,7179,42,4,,0
556200,'3',723,,7227,37,4,,0,100,,7226,37,4,,0,100,,7225,37,4,,0,100,,7224,37,4,,0,100,,7223,37,4,,0,100,,7222,37,4,,0,100,,7221,37,4,,0,100,,7220,37,4,,0,100,,7219,37,4,,0,100,,7218,37,4,,0,100,,7217,37,4,,0,100,,7216,37,4,,0,100,,7210,37,4,,0,100,,7209,37,4,,0,100,,7208,37,4,,0,100,,7207,37,4,,0,100,,7206,37,4,,0,100,,7204,37,4,,0
556201,'1601',1447,,7240,1,0,8 40 3 41,0,2,,7239,1,0,8 40 3 41,0
556201,'1',507,,7287,1,,,0,104,,7285,1,,,0,41,,7283,1,,,0,70,,7281,1,,,0,30,,7279,1,,,0,70,,7277,1,,,0,30,,7275,1,,,0,100,,7273,1,,,0,100,,7271,1,,,0,100,,7269,1,,,0,100,,7267,1,,,0,100,,7265,1,,,0,100,,7263,1,,,0,74,,7261,1,,,0,30,,7259,1,,,0,70,,7257,1,,,0,30,,7255,1,,,0,70,,7253,1,,,0,30,,7251,1,,,0,91,,7249,1,,,0,100,,7247,1,,,0,100,,7245,1,,,0,103,,7243,1,,,0,200,,7241,1,,,0
556201,'2',720,,7302,1,,,0,100,,7312,1,,,0,98,,7309,1,,,0,100,,7314,1,,,0,100,,7301,1,,,0,100,,7316,1,,,0,100,,7305,1,,,0,100,,7319,1,,,0,100,,7292,1,,,0,100,,7288,1,,,0,100,,7320,1,,,0,105,,7296,1,,,0,103,,7295,1,,,0,100,,7291,1,,,0,100,,7307,1,,,0,100,,7300,1,,,0,110,,7298,1,,,0
556201,'3',735,,7343,1,,,0,100,,7342,1,,,0,100,,7341,1,,,0,100,,7340,1,,,0,100,,7339,1,,,0,100,,7338,1,,,0,100,,7337,1,,,0,100,,7336,1,,,0,100,,7335,1,,,0,100,,7334,1,,,0,100,,7333,1,,,0,100,,7332,1,,,0,100,,7331,1,,,0,100,,7330,1,,,0,100,,7329,1,,,0,100,,7328,1,,,0,100,,7322,1,,,0
556700,'1601',1516,,8318,22,4,,0
556700,'1',2551,,8321,67,4,,0
556701,'1601',805,,8461,1,0,21 22,0
