569000,'1',446,,20462,3,,,0,55,,20432,3,,,0,20,,20425,3,,,0,20,,20426,3,,,0,60,,20427,3,,,0,20,,20428,3,,,0,20,,20429,3,,,0,60,,20430,3,,,0,20,,20431,3,,,0,20,,20424,3,,,0,60,,20461,3,,,0,20,,20460,3,,,0,20,,20459,3,,,0,60,,20458,3,,,0,20,,20457,3,,,0,20,,20456,3,,,0,60,,20455,3,,,0,20,,20452,3,,,0,20,,20451,3,,,0,60,,20450,3,,,0,20,,20449,3,,,0,20,,20448,3,,,0,60,,20447,3,,,0,20,,20454,3,,,0,20,,20453,3,,,0,60,,20478,3,,,0,20,,20446,3,,,0,21,,20445,3,,,0,60,,20444,3,,,0,20,,20443,3,,,0,20,,20442,3,,,0,60,,20441,3,,,0,20,,20440,3,,,0,20,,20439,3,,,0,60,,20438,3,,,0,20,,20437,3,,,0,20,,20436,3,,,0,60,,20435,3,,,0,20,,20434,3,,,0,20,,20433,3,,,0,63,,20463,3,,,0,30,,20464,3,,,0,74,,20465,3,,,0,30,,20466,3,,,0,70,,20467,3,,,0,30,,20468,3,,,0,70,,20469,3,,,0,30,,20477,3,,,0,70,,20476,3,,,0,30,,20475,3,,,0,70,,20474,3,,,0,30,,20473,3,,,0,70,,20472,3,,,0,32,,20471,3,,,0,80,,20470,3,,,0
569000,'2',501,,20528,3,,,0,30,,20527,3,,,0,70,,20526,3,,,0,30,,20525,3,,,0,70,,20524,3,,,0,30,,20523,3,,,0,70,,20522,3,,,0,20,,20480,3,,,0,20,,20521,3,,,0,60,,20520,3,,,0,20,,20519,3,,,0,20,,20518,3,,,0,60,,20517,3,,,0,20,,20516,3,,,0,20,,20515,3,,,0,60,,20514,3,,,0,20,,20513,3,,,0,20,,20512,3,,,0,60,,20511,3,,,0,20,,20510,3,,,0,20,,20509,3,,,0,60,,20508,3,,,0,20,,20507,3,,,0,20,,20506,3,,,0,60,,20505,3,,,0,20,,20504,3,,,0,20,,20503,3,,,0,60,,20502,3,,,0,20,,20501,3,,,0,20,,20500,3,,,0,60,,20499,3,,,0,20,,20498,3,,,0,20,,20497,3,,,0,60,,20496,3,,,0,30,,20495,3,,,0,70,,20494,3,,,0,30,,20493,3,,,0,70,,20492,3,,,0,30,,20491,3,,,0,70,,20490,3,,,0,30,,20489,3,,,0,70,,20488,3,,,0,30,,20487,3,,,0,70,,20486,3,,,0,30,,20485,3,,,0,70,,20484,3,,,0,30,,20483,3,,,0,70,,20482,3,,,0,30,,20479,3,,,0,90,,20481,3,,,0
569000,'3',601,,20529,3,,,0,100,,20530,3,,,0,30,,20531,3,,,0,70,,20532,3,,,0,30,,20533,3,,,0,70,,20534,3,,,0,30,,20535,3,,,0,70,,20536,3,,,0,30,,20537,3,,,0,70,,20538,3,,,0,30,,20539,3,,,0,70,,20540,3,,,0,30,,20541,3,,,0,70,,20542,3,,,0,30,,20543,3,,,0,70,,20544,3,,,0,30,,20545,3,,,0,70,,20546,3,,,0,30,,20547,3,,,0,70,,20548,3,,,0,30,,20549,3,,,0,70,,20550,3,,,0,30,,20551,3,,,0,70,,20552,3,,,0,30,,20553,3,,,0,70,,20554,3,,,0,30,,20555,3,,,0,70,,20556,3,,,0,30,,20557,3,,,0,70,,20558,3,,,0,30,,20559,3,,,0,70,,20560,3,,,0,30,,20561,3,,,0,70,,20562,3,,,0,30,,20563,3,,,0,70,,20564,3,,,0
569300,'1',502,,21577,3,,,0,30,,21576,3,,,0,70,,21575,3,,,0,30,,21574,3,,,0,70,,21586,3,,,0,30,,21587,3,,,0,70,,21588,3,,,0,30,,21589,3,,,0,70,,21590,3,,,0,30,,21591,3,,,0,70,,21592,3,,,0,30,,21593,3,,,0,70,,21573,3,,,0,30,,21572,3,,,0,70,,21571,3,,,0,30,,21570,3,,,0,70,,21569,3,,,0,30,,21568,3,,,0,71,,21567,3,,,0,30,,21578,3,,,0,70,,21579,3,,,0,30,,21580,3,,,0,70,,21581,3,,,0,30,,21582,3,,,0,70,,21583,3,,,0,30,,21584,3,,,0,70,,21585,3,,,0,30,,21566,3,,,0,69,,21594,3,,,0,50,,21565,3,,,0,100,,21564,3,,,0,100,,21563,3,,,0,105,,21562,3,,,0,145,,21561,3,,,0,100,,21560,3,,,0
569300,'2',517,,21595,3,,,0,30,,21613,3,,,0,70,,21603,3,,,0,30,,21614,3,,,0,70,,21602,3,,,0,30,,21615,3,,,0,75,,21601,3,,,0,30,,21616,3,,,0,70,,21617,3,,,0,30,,21618,3,,,0,70,,21619,3,,,0,30,,21620,3,,,0,70,,21621,3,,,0,30,,21622,3,,,0,70,,21623,3,,,0,30,,21624,3,,,0,70,,21625,3,,,0,30,,21626,3,,,0,70,,21627,3,,,0,30,,21628,3,,,0,70,,21629,3,,,0,30,,21604,3,,,0,70,,21605,3,,,0,30,,21606,3,,,0,70,,21607,3,,,0,30,,21608,3,,,0,70,,21597,3,,,0,35,,21609,3,,,0,100,,21610,3,,,0,100,,21611,3,,,0,100,,21612,3,,,0,100,,21600,3,,,0,100,,21599,3,,,0,100,,21598,3,,,0,100,,21596,3,,,0
569300,'3',606,,21630,3,,,0,20,,21632,3,,,0,30,,21654,3,,,0,70,,21637,3,,,0,30,,21653,3,,,0,70,,21636,3,,,0,30,,21652,3,,,0,70,,21635,3,,,0,30,,21651,3,,,0,71,,21650,3,,,0,30,,21649,3,,,0,70,,21648,3,,,0,30,,21647,3,,,0,70,,21646,3,,,0,30,,21645,3,,,0,70,,21644,3,,,0,30,,21643,3,,,0,70,,21642,3,,,0,30,,21641,3,,,0,70,,21640,3,,,0,30,,21639,3,,,0,70,,21638,3,,,0,30,,21660,3,,,0,70,,21631,3,,,0,30,,21659,3,,,0,100,,21658,3,,,0,100,,21657,3,,,0,100,,21656,3,,,0,100,,21655,3,,,0,99,,21633,3,,,0,100,,21634,3,,,0
569400,'1',511,,21781,3,,,0,30,,21780,3,,,0,70,,21779,3,,,0,30,,21778,3,,,0,70,,21777,3,,,0,35,,21776,3,,,0,70,,21782,3,,,0,30,,21783,3,,,0,70,,21784,3,,,0,30,,21785,3,,,0,70,,21786,3,,,0,30,,21787,3,,,0,70,,21775,3,,,0,30,,21774,3,,,0,70,,21773,3,,,0,30,,21772,3,,,0,70,,21771,3,,,0,30,,21770,3,,,0,70,,21769,3,,,0,30,,21768,3,,,0,70,,21788,3,,,0,30,,21789,3,,,0,70,,21790,3,,,0,30,,21791,3,,,0,70,,21792,3,,,0,30,,21793,3,,,0,70,,21794,3,,,0,30,,21795,3,,,0,90,,21762,3,,,0,95,,21767,3,,,0,100,,21766,3,,,0,100,,21765,3,,,0,105,,21764,3,,,0,100,,21763,3,,,0,100,,21761,3,,,0
569400,'2',501,,21796,3,,,0,30,,21803,3,,,0,70,,21802,3,,,0,30,,21804,3,,,0,70,,21801,3,,,0,30,,21805,3,,,0,70,,21830,3,,,0,30,,21806,3,,,0,70,,21807,3,,,0,30,,21808,3,,,0,70,,21809,3,,,0,30,,21810,3,,,0,70,,21811,3,,,0,30,,21812,3,,,0,70,,21813,3,,,0,30,,21814,3,,,0,70,,21815,3,,,0,30,,21816,3,,,0,70,,21817,3,,,0,30,,21818,3,,,0,70,,21819,3,,,0,30,,21820,3,,,0,70,,21821,3,,,0,30,,21822,3,,,0,70,,21823,3,,,0,30,,21824,3,,,0,70,,21825,3,,,0,30,,21826,3,,,0,105,,21827,3,,,0,100,,21828,3,,,0,100,,21829,3,,,0,100,,21800,3,,,0,100,,21799,3,,,0,100,,21798,3,,,0,100,,21797,3,,,0
569400,'3',601,,21833,3,,,0,30,,21832,3,,,0,70,,21834,3,,,0,30,,21840,3,,,0,70,,21838,3,,,0,30,,21841,3,,,0,70,,21837,3,,,0,30,,21842,3,,,0,70,,21843,3,,,0,30,,21844,3,,,0,70,,21845,3,,,0,30,,21846,3,,,0,70,,21847,3,,,0,30,,21848,3,,,0,70,,21849,3,,,0,30,,21850,3,,,0,70,,21851,3,,,0,30,,21852,3,,,0,70,,21853,3,,,0,30,,21854,3,,,0,70,,21855,3,,,0,30,,21856,3,,,0,70,,21857,3,,,0,30,,21858,3,,,0,70,,21831,3,,,0,30,,21859,3,,,0,100,,21860,3,,,0,100,,21861,3,,,0,100,,21839,3,,,0,100,,21836,3,,,0,100,,21835,3,,,0
569500,'703',1006,,21969,3,,,0,100,,21968,3,,,0,100,,21967,3,,,0,100,,21966,3,,,0,100,,21965,3,,,0,100,,21964,3,,,0,100,,21963,3,,,0
571000,'1',512,,25874,3,0,8 35 6,0,30,,25875,3,0,5 6,0,70,,25876,3,0,8 35 6,0,30,,25877,3,0,5 6,0,70,,25878,3,0,8 35 6,0,20,,25879,3,0,5 6,0,20,,25880,3,0,8 35 6,0,60,,25881,3,0,5 6,0,20,,25882,3,0,8 35 6,0,20,,25883,3,0,8 35 6,0,60,,25884,3,0,5 6,0,20,,25885,3,0,8 35 6,0,20,,25886,3,0,5 6,0,70,,25887,3,0,8 35 6,0,30,,25888,3,0,5 6,0,70,,25889,3,0,8 35 6,0,30,,25890,3,0,5 6,0,70,,25891,3,0,8 35 6,0,30,,25892,3,0,5 6,0,70,,25893,3,0,8 35 6,0,30,,25894,3,0,5 6,0,70,,25895,3,0,8 35 6,0,20,,25896,3,0,5 6,0,60,,25897,3,0,8 35 6,0,20,,25898,3,0,5 6,0,20,,25899,3,0,8 35 6,0,60,,25900,3,0,5 6,0,20,,25901,3,0,8 35 6,0,20,,25902,3,0,5 6,0,60,,25903,3,0,8 35 6,0,20,,25904,3,0,5 6,0,20,,25905,3,0,8 35 6,0,60,,25906,3,0,5 6,0,30,,25907,3,0,8 35 6,0,70,,25908,3,0,5 6,0,30,,25909,3,0,8 35 6,0,70,,25910,3,0,5 6,0,30,,25911,3,0,8 35 6,0,70,,25912,3,0,5 6,0,106,,25913,3,0,8 35 6,0,108,,25914,3,0,5 3 8 35 36,0,115,,25915,3,0,5 3 8 35 36,0
571000,'2',650,,25927,3,0,5 6,0,66,,25928,3,0,8 35 6,0,30,,25945,3,0,5 6,0,70,,25946,3,0,8 35 6,0,30,,25919,3,0,5 6,0,70,,25934,3,0,8 35 6,0,30,,25930,3,0,5 6,0,70,,25931,3,0,8 35 6,0,30,,25932,3,0,5 6,0,70,,25933,3,0,8 35 6,0,30,,25947,3,0,5 6,0,70,,25935,3,0,8 35 6,0,30,,25943,3,0,5 6,0,71,,25944,3,0,8 35 6,0,30,,25936,3,0,5 6,0,70,,25937,3,0,8 35 6,0,30,,25938,3,0,5 6,0,70,,25939,3,0,8 35 6,0,30,,25929,3,0,5 6,0,70,,25918,3,0,8 35 6,0,30,,25920,3,0,5 6,0,70,,25948,3,0,8 35 6,0,30,,25949,3,0,5 6,0,75,,25950,3,0,8 35 6,0,30,,25916,3,0,5 6,0,70,,25917,3,0,8 35 6,0,30,,25922,3,0,5 6,0,69,,25923,3,0,8 35 6,0,30,,25924,3,0,5 6,0,70,,25921,3,0,8 35 6,0,30,,25940,3,0,5 6,0,70,,25941,3,0,8 35 6,0,30,,25942,3,0,5 6,0,70,,25925,3,0,8 35 6,0,80,,25926,3,0,5 3 8 35 36,0
571000,'3',701,,25974,3,0,5 6,0,30,,25978,3,0,8 35 6,0,70,,25973,3,0,5 6,0,30,,25979,3,0,8 35 6,0,70,,25972,3,0,5 6,0,30,,25975,3,0,8 35 6,0,70,,25971,3,0,5 6,0,30,,25981,3,0,8 35 6,0,70,,25970,3,0,5 6,0,30,,25982,3,0,8 35 6,0,70,,25969,3,0,5 6,0,30,,25983,3,0,8 35 6,0,70,,25968,3,0,5 6,0,30,,25980,3,0,8 35 6,0,70,,25967,3,0,5 6,0,30,,25976,3,0,8 35 6,0,70,,25966,3,0,5 6,0,30,,25977,3,0,8 35 6,0,70,,25965,3,0,5 6,0,30,,25984,3,0,8 35 6,0,70,,25964,3,0,5 6,0,30,,25985,3,0,8 35 6,0,70,,25963,3,0,5 6,0,30,,25962,3,0,8 35 6,0,70,,25957,3,0,5 6,0,30,,25961,3,0,8 35 6,0,70,,25956,3,0,5 6,0,30,,25960,3,0,8 35 6,0,70,,25955,3,0,5 6,0,30,,25959,3,0,8 35 6,0,70,,25954,3,0,5 6,0,30,,25958,3,0,8 35 6,0,70,,25953,3,0,5 6,0,30,,25952,3,0,8 35 6,0,70,,25951,3,0,5 6,0
