569000,'1',447,,20462,4,,,0,55,,20432,4,,,0,20,,20425,4,,,0,20,,20426,4,,,0,60,,20427,4,,,0,20,,20428,4,,,0,20,,20429,4,,,0,60,,20430,4,,,0,20,,20431,4,,,0,20,,20424,4,,,0,60,,20461,4,,,0,20,,20460,4,,,0,20,,20459,4,,,0,60,,20458,4,,,0,20,,20457,4,,,0,20,,20456,4,,,0,60,,20455,4,,,0,20,,20452,4,,,0,20,,20451,4,,,0,60,,20450,4,,,0,20,,20449,4,,,0,20,,20448,4,,,0,60,,20447,4,,,0,20,,20454,4,,,0,20,,20453,4,,,0,60,,20478,4,,,0,20,,20446,4,,,0,21,,20445,4,,,0,60,,20444,4,,,0,20,,20443,4,,,0,20,,20442,4,,,0,60,,20441,4,,,0,20,,20440,4,,,0,20,,20439,4,,,0,60,,20438,4,,,0,20,,20437,4,,,0,20,,20436,4,,,0,60,,20435,4,,,0,20,,20434,4,,,0,20,,20433,4,,,0,63,,20463,4,,,0,30,,20464,4,,,0,74,,20465,4,,,0,30,,20466,4,,,0,70,,20467,4,,,0,30,,20468,4,,,0,70,,20469,4,,,0,30,,20477,4,,,0,70,,20476,4,,,0,30,,20475,4,,,0,70,,20474,4,,,0,30,,20473,4,,,0,70,,20472,4,,,0,32,,20471,4,,,0,80,,20470,4,,,0
569000,'2',502,,20528,4,,,0,30,,20527,4,,,0,70,,20526,4,,,0,30,,20525,4,,,0,70,,20524,4,,,0,30,,20523,4,,,0,70,,20522,4,,,0,20,,20480,4,,,0,20,,20521,4,,,0,60,,20520,4,,,0,20,,20519,4,,,0,20,,20518,4,,,0,60,,20517,4,,,0,20,,20516,4,,,0,20,,20515,4,,,0,60,,20514,4,,,0,20,,20513,4,,,0,20,,20512,4,,,0,60,,20511,4,,,0,20,,20510,4,,,0,20,,20509,4,,,0,60,,20508,4,,,0,20,,20507,4,,,0,20,,20506,4,,,0,60,,20505,4,,,0,20,,20504,4,,,0,20,,20503,4,,,0,60,,20502,4,,,0,20,,20501,4,,,0,20,,20500,4,,,0,60,,20499,4,,,0,20,,20498,4,,,0,20,,20497,4,,,0,60,,20496,4,,,0,30,,20495,4,,,0,70,,20494,4,,,0,30,,20493,4,,,0,70,,20492,4,,,0,30,,20491,4,,,0,70,,20490,4,,,0,30,,20489,4,,,0,70,,20488,4,,,0,30,,20487,4,,,0,70,,20486,4,,,0,30,,20485,4,,,0,70,,20484,4,,,0,30,,20483,4,,,0,70,,20482,4,,,0,30,,20479,4,,,0,90,,20481,4,,,0
569000,'3',602,,20529,4,,,0,100,,20530,4,,,0,30,,20531,4,,,0,70,,20532,4,,,0,30,,20533,4,,,0,70,,20534,4,,,0,30,,20535,4,,,0,70,,20536,4,,,0,30,,20537,4,,,0,70,,20538,4,,,0,30,,20539,4,,,0,70,,20540,4,,,0,30,,20541,4,,,0,70,,20542,4,,,0,30,,20543,4,,,0,70,,20544,4,,,0,30,,20545,4,,,0,70,,20546,4,,,0,30,,20547,4,,,0,70,,20548,4,,,0,30,,20549,4,,,0,70,,20550,4,,,0,30,,20551,4,,,0,70,,20552,4,,,0,30,,20553,4,,,0,70,,20554,4,,,0,30,,20555,4,,,0,70,,20556,4,,,0,30,,20557,4,,,0,70,,20558,4,,,0,30,,20559,4,,,0,70,,20560,4,,,0,30,,20561,4,,,0,70,,20562,4,,,0,30,,20563,4,,,0,70,,20564,4,,,0
569300,'1',503,,21577,4,,,0,30,,21576,4,,,0,70,,21575,4,,,0,30,,21574,4,,,0,70,,21586,4,,,0,30,,21587,4,,,0,70,,21588,4,,,0,30,,21589,4,,,0,70,,21590,4,,,0,30,,21591,4,,,0,70,,21592,4,,,0,30,,21593,4,,,0,70,,21573,4,,,0,30,,21572,4,,,0,70,,21571,4,,,0,30,,21570,4,,,0,70,,21569,4,,,0,30,,21568,4,,,0,70,,21567,4,,,0,30,,21578,4,,,0,70,,21579,4,,,0,30,,21580,4,,,0,70,,21581,4,,,0,30,,21582,4,,,0,70,,21583,4,,,0,30,,21584,4,,,0,70,,21585,4,,,0,30,,21566,4,,,0,70,,21594,4,,,0,50,,21565,4,,,0,100,,21564,4,,,0,100,,21563,4,,,0,105,,21562,4,,,0,145,,21561,4,,,0,100,,21560,4,,,0
569300,'2',518,,21595,4,,,0,30,,21613,4,,,0,70,,21603,4,,,0,30,,21614,4,,,0,70,,21602,4,,,0,30,,21615,4,,,0,75,,21601,4,,,0,30,,21616,4,,,0,70,,21617,4,,,0,30,,21618,4,,,0,70,,21619,4,,,0,30,,21620,4,,,0,70,,21621,4,,,0,30,,21622,4,,,0,70,,21623,4,,,0,30,,21624,4,,,0,70,,21625,4,,,0,30,,21626,4,,,0,70,,21627,4,,,0,30,,21628,4,,,0,70,,21629,4,,,0,30,,21604,4,,,0,70,,21605,4,,,0,30,,21606,4,,,0,70,,21607,4,,,0,30,,21608,4,,,0,70,,21597,4,,,0,35,,21609,4,,,0,100,,21610,4,,,0,100,,21611,4,,,0,100,,21612,4,,,0,99,,21600,4,,,0,100,,21599,4,,,0,100,,21598,4,,,0,100,,21596,4,,,0
569300,'3',607,,21630,4,,,0,20,,21632,4,,,0,30,,21654,4,,,0,70,,21637,4,,,0,30,,21653,4,,,0,70,,21636,4,,,0,30,,21652,4,,,0,70,,21635,4,,,0,30,,21651,4,,,0,71,,21650,4,,,0,30,,21649,4,,,0,70,,21648,4,,,0,30,,21647,4,,,0,70,,21646,4,,,0,30,,21645,4,,,0,70,,21644,4,,,0,30,,21643,4,,,0,70,,21642,4,,,0,30,,21641,4,,,0,70,,21640,4,,,0,30,,21639,4,,,0,70,,21638,4,,,0,30,,21660,4,,,0,70,,21631,4,,,0,30,,21659,4,,,0,100,,21658,4,,,0,99,,21657,4,,,0,100,,21656,4,,,0,100,,21655,4,,,0,100,,21633,4,,,0,100,,21634,4,,,0
569400,'1',512,,21781,4,,,0,30,,21780,4,,,0,70,,21779,4,,,0,30,,21778,4,,,0,70,,21777,4,,,0,35,,21776,4,,,0,70,,21782,4,,,0,30,,21783,4,,,0,70,,21784,4,,,0,30,,21785,4,,,0,70,,21786,4,,,0,30,,21787,4,,,0,70,,21775,4,,,0,30,,21774,4,,,0,70,,21773,4,,,0,30,,21772,4,,,0,70,,21771,4,,,0,30,,21770,4,,,0,70,,21769,4,,,0,30,,21768,4,,,0,70,,21788,4,,,0,30,,21789,4,,,0,70,,21790,4,,,0,30,,21791,4,,,0,70,,21792,4,,,0,30,,21793,4,,,0,70,,21794,4,,,0,30,,21795,4,,,0,90,,21762,4,,,0,95,,21767,4,,,0,100,,21766,4,,,0,100,,21765,4,,,0,105,,21764,4,,,0,100,,21763,4,,,0,100,,21761,4,,,0
569400,'2',502,,21796,4,,,0,30,,21803,4,,,0,70,,21802,4,,,0,30,,21804,4,,,0,70,,21801,4,,,0,30,,21805,4,,,0,70,,21830,4,,,0,30,,21806,4,,,0,70,,21807,4,,,0,30,,21808,4,,,0,70,,21809,4,,,0,30,,21810,4,,,0,70,,21811,4,,,0,30,,21812,4,,,0,70,,21813,4,,,0,30,,21814,4,,,0,70,,21815,4,,,0,30,,21816,4,,,0,70,,21817,4,,,0,30,,21818,4,,,0,70,,21819,4,,,0,30,,21820,4,,,0,70,,21821,4,,,0,30,,21822,4,,,0,70,,21823,4,,,0,30,,21824,4,,,0,70,,21825,4,,,0,30,,21826,4,,,0,105,,21827,4,,,0,100,,21828,4,,,0,100,,21829,4,,,0,100,,21800,4,,,0,100,,21799,4,,,0,100,,21798,4,,,0,100,,21797,4,,,0
569400,'3',601,,21833,4,,,0,30,,21832,4,,,0,70,,21834,4,,,0,30,,21840,4,,,0,70,,21838,4,,,0,30,,21841,4,,,0,70,,21837,4,,,0,30,,21842,4,,,0,71,,21843,4,,,0,30,,21844,4,,,0,70,,21845,4,,,0,30,,21846,4,,,0,70,,21847,4,,,0,30,,21848,4,,,0,70,,21849,4,,,0,30,,21850,4,,,0,70,,21851,4,,,0,30,,21852,4,,,0,70,,21853,4,,,0,30,,21854,4,,,0,70,,21855,4,,,0,30,,21856,4,,,0,70,,21857,4,,,0,30,,21858,4,,,0,70,,21831,4,,,0,30,,21859,4,,,0,99,,21860,4,,,0,100,,21861,4,,,0,100,,21839,4,,,0,100,,21836,4,,,0,100,,21835,4,,,0
569500,'703',1006,,21969,4,,,0,100,,21968,4,,,0,100,,21967,4,,,0,100,,21966,4,,,0,100,,21965,4,,,0,100,,21964,4,,,0,100,,21963,4,,,0
571000,'1',512,,25874,4,0,8 35 6,0,30,,25875,4,0,5 6,0,70,,25876,4,0,8 35 6,0,30,,25877,4,0,5 6,0,70,,25878,4,0,8 35 6,0,20,,25879,4,0,5 6,0,20,,25880,4,0,8 35 6,0,60,,25881,4,0,5 6,0,20,,25882,4,0,8 35 6,0,20,,25883,4,0,8 35 6,0,60,,25884,4,0,5 6,0,20,,25885,4,0,8 35 6,0,20,,25886,4,0,5 6,0,70,,25887,4,0,8 35 6,0,30,,25888,4,0,5 6,0,70,,25889,4,0,8 35 6,0,30,,25890,4,0,5 6,0,70,,25891,4,0,8 35 6,0,30,,25892,4,0,5 6,0,70,,25893,4,0,8 35 6,0,30,,25894,4,0,5 6,0,70,,25895,4,0,8 35 6,0,20,,25896,4,0,5 6,0,60,,25897,4,0,8 35 6,0,20,,25898,4,0,5 6,0,20,,25899,4,0,8 35 6,0,60,,25900,4,0,5 6,0,20,,25901,4,0,8 35 6,0,20,,25902,4,0,5 6,0,60,,25903,4,0,8 35 6,0,20,,25904,4,0,5 6,0,20,,25905,4,0,8 35 6,0,60,,25906,4,0,5 6,0,30,,25907,4,0,8 35 6,0,70,,25908,4,0,5 6,0,30,,25909,4,0,8 35 6,0,70,,25910,4,0,5 6,0,30,,25911,4,0,8 35 6,0,70,,25912,4,0,5 6,0,107,,25913,4,0,8 35 6,0,108,,25914,4,0,5 3 8 35 36,0,115,,25915,4,0,5 3 8 35 36,0
571000,'2',650,,25927,4,0,5 6,0,66,,25928,4,0,8 35 6,0,30,,25945,4,0,5 6,0,70,,25946,4,0,8 35 6,0,30,,25919,4,0,5 6,0,71,,25934,4,0,8 35 6,0,30,,25930,4,0,5 6,0,70,,25931,4,0,8 35 6,0,30,,25932,4,0,5 6,0,70,,25933,4,0,8 35 6,0,30,,25947,4,0,5 6,0,70,,25935,4,0,8 35 6,0,30,,25943,4,0,5 6,0,70,,25944,4,0,8 35 6,0,30,,25936,4,0,5 6,0,70,,25937,4,0,8 35 6,0,30,,25938,4,0,5 6,0,70,,25939,4,0,8 35 6,0,30,,25929,4,0,5 6,0,70,,25918,4,0,8 35 6,0,30,,25920,4,0,5 6,0,70,,25948,4,0,8 35 6,0,30,,25949,4,0,5 6,0,75,,25950,4,0,8 35 6,0,30,,25916,4,0,5 6,0,70,,25917,4,0,8 35 6,0,30,,25922,4,0,5 6,0,70,,25923,4,0,8 35 6,0,30,,25924,4,0,5 6,0,70,,25921,4,0,8 35 6,0,30,,25940,4,0,5 6,0,70,,25941,4,0,8 35 6,0,30,,25942,4,0,5 6,0,70,,25925,4,0,8 35 6,0,79,,25926,4,0,5 3 8 35 36,0
571000,'3',702,,25974,4,0,5 6,0,30,,25978,4,0,8 35 6,0,70,,25973,4,0,5 6,0,30,,25979,4,0,8 35 6,0,70,,25972,4,0,5 6,0,30,,25975,4,0,8 35 6,0,70,,25971,4,0,5 6,0,30,,25981,4,0,8 35 6,0,70,,25970,4,0,5 6,0,30,,25982,4,0,8 35 6,0,70,,25969,4,0,5 6,0,30,,25983,4,0,8 35 6,0,70,,25968,4,0,5 6,0,30,,25980,4,0,8 35 6,0,70,,25967,4,0,5 6,0,30,,25976,4,0,8 35 6,0,70,,25966,4,0,5 6,0,30,,25977,4,0,8 35 6,0,70,,25965,4,0,5 6,0,30,,25984,4,0,8 35 6,0,70,,25964,4,0,5 6,0,30,,25985,4,0,8 35 6,0,70,,25963,4,0,5 6,0,30,,25962,4,0,8 35 6,0,70,,25957,4,0,5 6,0,30,,25961,4,0,8 35 6,0,70,,25956,4,0,5 6,0,30,,25960,4,0,8 35 6,0,70,,25955,4,0,5 6,0,30,,25959,4,0,8 35 6,0,70,,25954,4,0,5 6,0,30,,25958,4,0,8 35 6,0,70,,25953,4,0,5 6,0,30,,25952,4,0,8 35 6,0,70,,25951,4,0,5 6,0
