555500,'1',506,,5102,5,,,0,20,,5101,5,,,0,20,,5100,5,,,0,60,,5099,5,,,0,20,,5098,5,,,0,20,,5097,5,,,0,55,,5096,5,,,0,15,,5095,5,,,0,15,,5094,5,,,0,15,,5093,5,,,0,55,,5092,5,,,0,15,,5091,5,,,0,15,,5090,5,,,0,15,,5089,5,,,0,55,,5088,5,,,0,15,,5087,5,,,0,15,,5086,5,,,0,20,,5085,5,,,0,63,,5084,5,,,0,17,,5083,5,,,0,20,,5082,5,,,0,60,,5081,5,,,0,20,,5080,5,,,0,20,,5079,5,,,0,60,,5078,5,,,0,20,,5077,5,,,0,20,,5076,5,,,0,60,,5075,5,,,0,20,,5074,5,,,0,22,,5073,5,,,0,60,,5072,5,,,0,20,,5071,5,,,0,20,,5070,5,,,0,55,,5069,5,,,0,15,,5068,5,,,0,15,,5067,5,,,0,15,,5066,5,,,0,55,,5065,5,,,0,15,,5064,5,,,0,15,,5063,5,,,0,15,,5062,5,,,0,55,,5061,5,,,0,15,,5060,5,,,0,15,,5059,5,,,0,15,,5058,5,,,0,55,,5057,5,,,0,28,,5056,5,,,0,70,,5055,5,,,0,30,,5054,5,,,0,70,,5053,5,,,0,30,,5052,5,,,0,70,,5051,5,,,0,30,,5050,5,,,0,70,,5049,5,,,0,30,,5048,5,,,0,70,,5047,5,,,0,30,,5046,5,,,0,70,,5045,5,,,0,30,,5044,5,,,0,90,,5043,5,,,0
555500,'2',556,,5121,5,,,0,70,,5112,5,,,0,30,,5110,5,,,0,70,,5106,5,,,0,30,,5129,5,,,0,70,,5105,5,,,0,30,,5130,5,,,0,70,,5115,5,,,0,30,,5117,5,,,0,70,,5114,5,,,0,30,,5140,5,,,0,70,,5103,5,,,0,30,,5134,5,,,0,70,,5120,5,,,0,30,,5111,5,,,0,70,,5136,5,,,0,30,,5139,5,,,0,70,,5137,5,,,0,30,,5141,5,,,0,70,,5135,5,,,0,30,,5128,5,,,0,70,,5138,5,,,0,30,,5131,5,,,0,70,,5133,5,,,0,30,,5132,5,,,0,70,,5127,5,,,0,30,,5107,5,,,0,69,,5116,5,,,0,30,,5126,5,,,0,70,,5124,5,,,0,30,,5109,5,,,0,70,,5113,5,,,0,30,,5125,5,,,0,70,,5123,5,,,0,30,,5122,5,,,0,70,,5108,5,,,0,30,,5104,5,,,0,80,,5118,5,,,0,90,,5119,5,,,0
555500,'3',604,,5166,5,,,0,30,,5174,5,,,0,70,,5167,5,,,0,30,,5175,5,,,0,70,,5165,5,,,0,30,,5176,5,,,0,72,,5173,5,,,0,30,,5172,5,,,0,70,,5171,5,,,0,30,,5170,5,,,0,70,,5169,5,,,0,30,,5164,5,,,0,70,,5162,5,,,0,30,,5150,5,,,0,70,,5163,5,,,0,30,,5161,5,,,0,70,,5158,5,,,0,30,,5159,5,,,0,70,,5160,5,,,0,30,,5157,5,,,0,70,,5156,5,,,0,30,,5155,5,,,0,70,,5153,5,,,0,30,,5151,5,,,0,70,,5152,5,,,0,30,,5154,5,,,0,69,,5177,5,,,0,30,,5168,5,,,0,70,,5178,5,,,0,30,,5149,5,,,0,70,,5148,5,,,0,30,,5147,5,,,0,70,,5146,5,,,0,30,,5145,5,,,0,70,,5144,5,,,0,30,,5143,5,,,0,70,,5142,5,,,0
555600,'1601',1537,,5315,5,,,0
555600,'1',536,,5375,5,,,0,20,,5374,5,,,0,57,,5373,5,,,0,15,,5372,5,,,0,15,,5371,5,,,0,15,,5370,5,,,0,55,,5369,5,,,0,15,,5368,5,,,0,15,,5367,5,,,0,15,,5366,5,,,0,55,,5365,5,,,0,15,,5364,5,,,0,15,,5363,5,,,0,15,,5362,5,,,0,58,,5361,5,,,0,20,,5360,5,,,0,20,,5359,5,,,0,60,,5358,5,,,0,20,,5357,5,,,0,20,,5356,5,,,0,60,,5355,5,,,0,20,,5354,5,,,0,20,,5353,5,,,0,60,,5352,5,,,0,20,,5351,5,,,0,20,,5350,5,,,0,60,,5349,5,,,0,21,,5348,5,,,0,20,,5347,5,,,0,55,,5346,5,,,0,15,,5345,5,,,0,15,,5344,5,,,0,15,,5343,5,,,0,55,,5342,5,,,0,15,,5341,5,,,0,15,,5340,5,,,0,15,,5339,5,,,0,55,,5338,5,,,0,15,,5337,5,,,0,15,,5336,5,,,0,15,,5335,5,,,0,55,,5334,5,,,0,15,,5333,5,,,0,15,,5332,5,,,0,60,,5331,5,,,0,25,,5330,5,,,0,25,,5329,5,,,0,69,,5328,5,,,0,30,,5327,5,,,0,70,,5326,5,,,0,30,,5325,5,,,0,70,,5324,5,,,0,29,,5323,5,,,0,70,,5322,5,,,0,30,,5321,5,,,0,70,,5320,5,,,0,30,,5319,5,,,0,70,,5318,5,,,0,35,,5317,5,,,0,70,,5316,5,,,0
555600,'2',544,,5413,5,,,0,70,,5412,5,,,0,30,,5411,5,,,0,70,,5410,5,,,0,30,,5409,5,,,0,70,,5408,5,,,0,32,,5407,5,,,0,60,,5406,5,,,0,20,,5405,5,,,0,20,,5404,5,,,0,60,,5403,5,,,0,20,,5402,5,,,0,20,,5401,5,,,0,60,,5400,5,,,0,20,,5399,5,,,0,20,,5398,5,,,0,60,,5397,5,,,0,20,,5396,5,,,0,20,,5395,5,,,0,60,,5394,5,,,0,20,,5393,5,,,0,20,,5392,5,,,0,60,,5391,5,,,0,20,,5390,5,,,0,20,,5389,5,,,0,60,,5388,5,,,0,20,,5387,5,,,0,20,,5386,5,,,0,60,,5385,5,,,0,20,,5384,5,,,0,20,,5383,5,,,0,59,,5382,5,,,0,20,,5381,5,,,0,25,,5380,5,,,0,70,,5379,5,,,0,30,,5378,5,,,0,70,,5377,5,,,0,30,,5376,5,,,0,70,,5424,5,,,0,30,,5423,5,,,0,70,,5422,5,,,0,30,,5421,5,,,0,70,,5420,5,,,0,30,,5419,5,,,0,70,,5418,5,,,0,30,,5417,5,,,0,70,,5416,5,,,0,30,,5415,5,,,0,75,,5414,5,,,0
555600,'3',644,,5437,5,,,0,70,,5436,5,,,0,30,,5438,5,,,0,70,,5435,5,,,0,30,,5439,5,,,0,72,,5440,5,,,0,30,,5441,5,,,0,70,,5442,5,,,0,30,,5443,5,,,0,70,,5444,5,,,0,30,,5445,5,,,0,70,,5446,5,,,0,30,,5447,5,,,0,70,,5448,5,,,0,30,,5449,5,,,0,70,,5450,5,,,0,30,,5451,5,,,0,70,,5452,5,,,0,30,,5453,5,,,0,70,,5454,5,,,0,30,,5455,5,,,0,70,,5456,5,,,0,29,,5457,5,,,0,70,,5434,5,,,0,30,,5458,5,,,0,70,,5433,5,,,0,30,,5459,5,,,0,70,,5432,5,,,0,30,,5460,5,,,0,70,,5431,5,,,0,30,,5430,5,,,0,70,,5429,5,,,0,30,,5428,5,,,0,70,,5427,5,,,0,30,,5426,5,,,0,60,,5425,5,,,0
555700,'1601',1605,,5609,5,,,0
555700,'1',526,,5668,5,,,0,20,,5667,5,,,0,60,,5666,5,,,0,20,,5665,5,,,0,20,,5664,5,,,0,60,,5663,5,,,0,15,,5662,5,,,0,15,,5661,5,,,0,15,,5660,5,,,0,55,,5659,5,,,0,15,,5658,5,,,0,15,,5657,5,,,0,15,,5656,5,,,0,55,,5655,5,,,0,20,,5654,5,,,0,20,,5653,5,,,0,60,,5652,5,,,0,20,,5651,5,,,0,20,,5650,5,,,0,60,,5649,5,,,0,20,,5648,5,,,0,20,,5647,5,,,0,60,,5646,5,,,0,20,,5645,5,,,0,20,,5644,5,,,0,60,,5643,5,,,0,20,,5642,5,,,0,21,,5641,5,,,0,60,,5640,5,,,0,15,,5639,5,,,0,15,,5638,5,,,0,15,,5637,5,,,0,55,,5636,5,,,0,15,,5635,5,,,0,15,,5634,5,,,0,15,,5633,5,,,0,55,,5632,5,,,0,15,,5631,5,,,0,15,,5630,5,,,0,15,,5629,5,,,0,55,,5628,5,,,0,15,,5627,5,,,0,15,,5626,5,,,0,15,,5625,5,,,0,55,,5624,5,,,0,29,,5623,5,,,0,70,,5622,5,,,0,30,,5621,5,,,0,70,,5620,5,,,0,30,,5619,5,,,0,70,,5618,5,,,0,29,,5617,5,,,0,70,,5616,5,,,0,30,,5615,5,,,0,70,,5614,5,,,0,30,,5613,5,,,0,70,,5612,5,,,0,30,,5611,5,,,0,70,,5610,5,,,0
555700,'2',559,,5711,5,,,0,70,,5710,5,,,0,30,,5709,5,,,0,70,,5708,5,,,0,30,,5707,5,,,0,70,,5706,5,,,0,27,,5705,5,,,0,60,,5704,5,,,0,20,,5703,5,,,0,20,,5702,5,,,0,60,,5701,5,,,0,20,,5700,5,,,0,20,,5699,5,,,0,60,,5698,5,,,0,20,,5697,5,,,0,20,,5696,5,,,0,60,,5695,5,,,0,20,,5694,5,,,0,20,,5693,5,,,0,60,,5692,5,,,0,20,,5691,5,,,0,20,,5690,5,,,0,60,,5689,5,,,0,20,,5688,5,,,0,20,,5687,5,,,0,60,,5686,5,,,0,20,,5685,5,,,0,20,,5684,5,,,0,60,,5683,5,,,0,20,,5682,5,,,0,20,,5681,5,,,0,59,,5680,5,,,0,20,,5679,5,,,0,70,,5678,5,,,0,30,,5677,5,,,0,70,,5676,5,,,0,30,,5675,5,,,0,70,,5674,5,,,0,30,,5673,5,,,0,70,,5672,5,,,0,30,,5671,5,,,0,70,,5670,5,,,0,30,,5669,5,,,0,70,,5716,5,,,0,30,,5715,5,,,0,70,,5714,5,,,0,30,,5713,5,,,0,70,,5712,5,,,0
555700,'3',624,,5746,5,,,0,30,,5747,5,,,0,70,,5745,5,,,0,30,,5748,5,,,0,70,,5744,5,,,0,30,,5749,5,,,0,72,,5743,5,,,0,30,,5742,5,,,0,70,,5741,5,,,0,30,,5740,5,,,0,70,,5739,5,,,0,30,,5738,5,,,0,70,,5737,5,,,0,30,,5736,5,,,0,70,,5735,5,,,0,30,,5734,5,,,0,70,,5733,5,,,0,30,,5732,5,,,0,70,,5731,5,,,0,30,,5730,5,,,0,70,,5729,5,,,0,30,,5728,5,,,0,70,,5727,5,,,0,29,,5726,5,,,0,70,,5725,5,,,0,30,,5750,5,,,0,70,,5724,5,,,0,30,,5751,5,,,0,70,,5723,5,,,0,30,,5722,5,,,0,70,,5721,5,,,0,30,,5720,5,,,0,70,,5719,5,,,0,30,,5718,5,,,0,80,,5717,5,,,0
555800,'1',524,,5973,5,,,0,20,,5972,5,,,0,60,,5971,5,,,0,21,,5970,5,,,0,12,,5969,5,,,0,15,,5968,5,,,0,52,,5967,5,,,0,12,,5966,5,,,0,12,,5965,5,,,0,12,,5964,5,,,0,12,,5963,5,,,0,52,,5962,5,,,0,12,,5961,5,,,0,12,,5960,5,,,0,11,,5959,5,,,0,12,,5958,5,,,0,55,,5957,5,,,0,15,,5956,5,,,0,15,,5955,5,,,0,15,,5954,5,,,0,55,,5953,5,,,0,15,,5952,5,,,0,15,,5951,5,,,0,15,,5950,5,,,0,55,,5949,5,,,0,15,,5948,5,,,0,15,,5947,5,,,0,15,,5946,5,,,0,55,,5945,5,,,0,15,,5944,5,,,0,15,,5943,5,,,0,15,,5942,5,,,0,55,,5941,5,,,0,15,,5940,5,,,0,15,,5939,5,,,0,16,,5938,5,,,0,55,,5937,5,,,0,15,,5936,5,,,0,12,,5935,5,,,0,12,,5934,5,,,0,12,,5933,5,,,0,52,,5932,5,,,0,12,,5931,5,,,0,12,,5930,5,,,0,12,,5929,5,,,0,12,,5928,5,,,0,52,,5927,5,,,0,12,,5926,5,,,0,12,,5925,5,,,0,12,,5924,5,,,0,12,,5923,5,,,0,52,,5922,5,,,0,12,,5921,5,,,0,12,,5920,5,,,0,12,,5919,5,,,0,12,,5918,5,,,0,52,,5917,5,,,0,12,,5916,5,,,0,15,,5915,5,,,0,15,,5914,5,,,0,55,,5913,5,,,0,15,,5912,5,,,0,15,,5911,5,,,0,14,,5910,5,,,0,55,,5909,5,,,0,20,,5908,5,,,0,20,,5907,5,,,0,60,,5906,5,,,0,30,,5905,5,,,0,69,,5904,5,,,0,30,,5903,5,,,0,70,,5902,5,,,0,30,,5901,5,,,0,70,,5900,5,,,0,30,,5899,5,,,0,90,,5898,5,,,0
555800,'2',539,,6012,5,,,0,71,,6011,5,,,0,30,,6010,5,,,0,70,,6009,5,,,0,30,,6008,5,,,0,70,,6007,5,,,0,25,,6006,5,,,0,20,,6005,5,,,0,60,,6004,5,,,0,20,,6003,5,,,0,20,,6002,5,,,0,60,,6001,5,,,0,20,,6000,5,,,0,20,,5999,5,,,0,60,,5998,5,,,0,20,,5997,5,,,0,20,,5996,5,,,0,61,,5995,5,,,0,20,,5994,5,,,0,20,,5993,5,,,0,60,,5992,5,,,0,20,,5991,5,,,0,20,,5990,5,,,0,60,,5989,5,,,0,20,,5988,5,,,0,20,,5987,5,,,0,60,,5986,5,,,0,20,,5985,5,,,0,20,,5984,5,,,0,60,,5983,5,,,0,20,,5982,5,,,0,20,,5981,5,,,0,60,,5980,5,,,0,20,,5979,5,,,0,70,,5978,5,,,0,30,,5977,5,,,0,70,,5976,5,,,0,30,,5975,5,,,0,70,,6021,5,,,0,30,,6020,5,,,0,69,,6019,5,,,0,30,,6018,5,,,0,70,,6017,5,,,0,30,,6016,5,,,0,70,,6015,5,,,0,30,,6014,5,,,0,70,,5974,5,,,0,30,,6013,5,,,0
555800,'3',604,,6025,5,,,0,30,,6058,5,,,0,70,,6057,5,,,0,30,,6056,5,,,0,70,,6055,5,,,0,30,,6054,5,,,0,72,,6053,5,,,0,30,,6052,5,,,0,70,,6051,5,,,0,30,,6050,5,,,0,70,,6049,5,,,0,30,,6048,5,,,0,70,,6047,5,,,0,30,,6046,5,,,0,70,,6045,5,,,0,30,,6044,5,,,0,70,,6043,5,,,0,30,,6042,5,,,0,70,,6041,5,,,0,30,,6040,5,,,0,70,,6039,5,,,0,30,,6038,5,,,0,70,,6037,5,,,0,30,,6036,5,,,0,70,,6035,5,,,0,30,,6028,5,,,0,70,,6034,5,,,0,30,,6027,5,,,0,70,,6033,5,,,0,30,,6026,5,,,0,69,,6032,5,,,0,30,,6024,5,,,0,70,,6031,5,,,0,30,,6023,5,,,0,70,,6030,5,,,0,30,,6022,5,,,0,70,,6029,5,,,0
555900,'1',534,,6293,5,,,0,25,,6292,5,,,0,60,,6291,5,,,0,12,,6290,5,,,0,12,,6289,5,,,0,15,,6288,5,,,0,52,,6287,5,,,0,12,,6286,5,,,0,12,,6285,5,,,0,12,,6284,5,,,0,12,,6283,5,,,0,52,,6282,5,,,0,12,,6281,5,,,0,12,,6280,5,,,0,12,,6279,5,,,0,11,,6278,5,,,0,54,,6277,5,,,0,15,,6276,5,,,0,15,,6275,5,,,0,15,,6274,5,,,0,55,,6273,5,,,0,15,,6272,5,,,0,15,,6271,5,,,0,15,,6270,5,,,0,55,,6269,5,,,0,15,,6268,5,,,0,15,,6267,5,,,0,15,,6266,5,,,0,55,,6265,5,,,0,15,,6264,5,,,0,15,,6263,5,,,0,15,,6262,5,,,0,55,,6261,5,,,0,15,,6260,5,,,0,15,,6259,5,,,0,15,,6258,5,,,0,55,,6257,5,,,0,16,,6256,5,,,0,13,,6255,5,,,0,12,,6254,5,,,0,52,,6253,5,,,0,12,,6252,5,,,0,12,,6251,5,,,0,12,,6250,5,,,0,12,,6249,5,,,0,52,,6248,5,,,0,12,,6247,5,,,0,12,,6246,5,,,0,12,,6245,5,,,0,12,,6244,5,,,0,52,,6243,5,,,0,12,,6242,5,,,0,12,,6241,5,,,0,12,,6240,5,,,0,12,,6239,5,,,0,52,,6238,5,,,0,12,,6237,5,,,0,14,,6236,5,,,0,14,,6235,5,,,0,15,,6234,5,,,0,55,,6233,5,,,0,15,,6232,5,,,0,15,,6231,5,,,0,14,,6230,5,,,0,58,,6229,5,,,0,20,,6228,5,,,0,20,,6227,5,,,0,60,,6226,5,,,0,20,,6225,5,,,0,20,,6224,5,,,0,59,,6223,5,,,0,30,,6222,5,,,0,70,,6221,5,,,0,30,,6218,5,,,0,70,,6220,5,,,0,90,,6219,5,,,0
555900,'2',554,,6328,5,,,0,71,,6327,5,,,0,30,,6326,5,,,0,70,,6325,5,,,0,30,,6324,5,,,0,65,,6323,5,,,0,30,,6322,5,,,0,65,,6321,5,,,0,25,,6320,5,,,0,60,,6319,5,,,0,20,,6318,5,,,0,20,,6317,5,,,0,60,,6316,5,,,0,20,,6315,5,,,0,20,,6314,5,,,0,60,,6313,5,,,0,21,,6312,5,,,0,20,,6311,5,,,0,60,,6310,5,,,0,20,,6309,5,,,0,20,,6308,5,,,0,60,,6307,5,,,0,20,,6306,5,,,0,20,,6305,5,,,0,60,,6304,5,,,0,20,,6303,5,,,0,20,,6302,5,,,0,60,,6301,5,,,0,20,,6300,5,,,0,20,,6299,5,,,0,60,,6298,5,,,0,20,,6297,5,,,0,20,,6296,5,,,0,60,,6342,5,,,0,20,,6341,5,,,0,30,,6340,5,,,0,70,,6339,5,,,0,30,,6338,5,,,0,70,,6337,5,,,0,30,,6336,5,,,0,69,,6335,5,,,0,30,,6334,5,,,0,70,,6333,5,,,0,30,,6332,5,,,0,65,,6331,5,,,0,90,,6330,5,,,0,100,,6329,5,,,0
555900,'3',619,,6346,5,,,0,30,,6378,5,,,0,70,,6377,5,,,0,30,,6376,5,,,0,70,,6375,5,,,0,30,,6374,5,,,0,72,,6373,5,,,0,30,,6372,5,,,0,70,,6371,5,,,0,30,,6370,5,,,0,70,,6369,5,,,0,30,,6368,5,,,0,70,,6367,5,,,0,30,,6366,5,,,0,70,,6365,5,,,0,30,,6364,5,,,0,70,,6363,5,,,0,30,,6362,5,,,0,70,,6361,5,,,0,30,,6360,5,,,0,70,,6359,5,,,0,30,,6358,5,,,0,70,,6357,5,,,0,30,,6356,5,,,0,70,,6352,5,,,0,30,,6351,5,,,0,70,,6350,5,,,0,30,,6349,5,,,0,70,,6348,5,,,0,30,,6347,5,,,0,68,,6355,5,,,0,30,,6345,5,,,0,70,,6354,5,,,0,30,,6344,5,,,0,70,,6353,5,,,0,30,,6343,5,,,0
556000,'1',501,,6598,5,,,0,35,,6595,5,,,0,20,,6594,5,,,0,60,,6593,5,,,0,20,,6592,5,,,0,17,,6591,5,,,0,55,,6590,5,,,0,15,,6589,5,,,0,15,,6588,5,,,0,15,,6587,5,,,0,55,,6586,5,,,0,15,,6585,5,,,0,15,,6584,5,,,0,70,,6583,5,,,0,30,,6582,5,,,0,70,,6581,5,,,0,30,,6580,5,,,0,70,,6579,5,,,0,30,,6578,5,,,0,70,,6577,5,,,0,30,,6576,5,,,0,70,,6575,5,,,0,30,,6574,5,,,0,70,,6573,5,,,0,32,,6572,5,,,0,15,,6571,5,,,0,55,,6570,5,,,0,15,,6569,5,,,0,15,,6568,5,,,0,15,,6567,5,,,0,55,,6566,5,,,0,15,,6565,5,,,0,15,,6564,5,,,0,15,,6563,5,,,0,55,,6562,5,,,0,15,,6561,5,,,0,15,,6560,5,,,0,15,,6559,5,,,0,55,,6558,5,,,0,15,,6557,5,,,0,30,,6556,5,,,0,68,,6555,5,,,0,30,,6554,5,,,0,70,,6553,5,,,0,30,,6552,5,,,0,70,,6551,5,,,0,30,,6550,5,,,0,70,,6549,5,,,0,30,,6548,5,,,0,68,,6547,5,,,0,30,,6546,5,,,0,70,,6545,5,,,0,30,,6544,5,,,0,75,,6543,5,,,0
556000,'2',534,,6656,5,,,0,70,,6610,5,,,0,15,,6658,5,,,0,15,,6611,5,,,0,70,,6612,5,,,0,30,,6613,5,,,0,70,,6614,5,,,0,30,,6615,5,,,0,72,,6627,5,,,0,20,,6624,5,,,0,20,,6626,5,,,0,60,,6625,5,,,0,20,,6621,5,,,0,20,,6617,5,,,0,60,,6616,5,,,0,20,,6628,5,,,0,20,,6631,5,,,0,60,,6630,5,,,0,20,,6629,5,,,0,20,,6639,5,,,0,60,,6641,5,,,0,20,,6636,5,,,0,20,,6638,5,,,0,60,,6637,5,,,0,20,,6632,5,,,0,20,,6645,5,,,0,60,,6643,5,,,0,20,,6640,5,,,0,20,,6642,5,,,0,60,,6608,5,,,0,20,,6609,5,,,0,20,,6646,5,,,0,60,,6644,5,,,0,20,,6633,5,,,0,20,,6647,5,,,0,60,,6648,5,,,0,20,,6649,5,,,0,20,,6657,5,,,0,60,,6634,5,,,0,30,,6635,5,,,0,70,,6650,5,,,0,30,,6651,5,,,0,70,,6618,5,,,0,30,,6619,5,,,0,70,,6620,5,,,0,30,,6622,5,,,0,69,,6623,5,,,0,30,,6652,5,,,0,70,,6653,5,,,0,30,,6654,5,,,0,70,,6655,5,,,0
556000,'3',534,,6696,5,,,0,70,,6679,5,,,0,30,,6697,5,,,0,70,,6678,5,,,0,30,,6698,5,,,0,70,,6677,5,,,0,30,,6699,5,,,0,73,,6676,5,,,0,30,,6700,5,,,0,70,,6674,5,,,0,30,,6691,5,,,0,70,,6684,5,,,0,30,,6680,5,,,0,70,,6683,5,,,0,30,,6694,5,,,0,70,,6695,5,,,0,30,,6673,5,,,0,70,,6682,5,,,0,30,,6690,5,,,0,70,,6681,5,,,0,30,,6688,5,,,0,70,,6689,5,,,0,30,,6675,5,,,0,70,,6687,5,,,0,30,,6686,5,,,0,70,,6685,5,,,0,30,,6672,5,,,0,68,,6693,5,,,0,30,,6671,5,,,0,70,,6692,5,,,0,30,,6666,5,,,0,70,,6665,5,,,0,30,,6664,5,,,0,69,,6663,5,,,0,30,,6662,5,,,0,70,,6661,5,,,0,30,,6660,5,,,0,70,,6659,5,,,0
