569000,'1',446,,20462,2,,,0,55,,20432,2,,,0,20,,20425,2,,,0,20,,20426,2,,,0,60,,20427,2,,,0,20,,20428,2,,,0,20,,20429,2,,,0,60,,20430,2,,,0,20,,20431,2,,,0,20,,20424,2,,,0,60,,20461,2,,,0,20,,20460,2,,,0,20,,20459,2,,,0,60,,20458,2,,,0,20,,20457,2,,,0,20,,20456,2,,,0,60,,20455,2,,,0,20,,20452,2,,,0,20,,20451,2,,,0,60,,20450,2,,,0,20,,20449,2,,,0,20,,20448,2,,,0,60,,20447,2,,,0,20,,20454,2,,,0,20,,20453,2,,,0,60,,20478,2,,,0,20,,20446,2,,,0,20,,20445,2,,,0,60,,20444,2,,,0,20,,20443,2,,,0,20,,20442,2,,,0,60,,20441,2,,,0,20,,20440,2,,,0,20,,20439,2,,,0,60,,20438,2,,,0,20,,20437,2,,,0,20,,20436,2,,,0,60,,20435,2,,,0,20,,20434,2,,,0,20,,20433,2,,,0,63,,20463,2,,,0,30,,20464,2,,,0,75,,20465,2,,,0,30,,20466,2,,,0,70,,20467,2,,,0,30,,20468,2,,,0,70,,20469,2,,,0,30,,20477,2,,,0,69,,20476,2,,,0,30,,20475,2,,,0,70,,20474,2,,,0,30,,20473,2,,,0,70,,20472,2,,,0,32,,20471,2,,,0,80,,20470,2,,,0
569000,'2',500,,20528,2,,,0,30,,20527,2,,,0,70,,20526,2,,,0,30,,20525,2,,,0,70,,20524,2,,,0,30,,20523,2,,,0,70,,20522,2,,,0,20,,20480,2,,,0,20,,20521,2,,,0,60,,20520,2,,,0,20,,20519,2,,,0,20,,20518,2,,,0,60,,20517,2,,,0,20,,20516,2,,,0,20,,20515,2,,,0,60,,20514,2,,,0,20,,20513,2,,,0,20,,20512,2,,,0,60,,20511,2,,,0,20,,20510,2,,,0,20,,20509,2,,,0,60,,20508,2,,,0,20,,20507,2,,,0,20,,20506,2,,,0,60,,20505,2,,,0,20,,20504,2,,,0,20,,20503,2,,,0,60,,20502,2,,,0,20,,20501,2,,,0,20,,20500,2,,,0,60,,20499,2,,,0,20,,20498,2,,,0,20,,20497,2,,,0,60,,20496,2,,,0,30,,20495,2,,,0,71,,20494,2,,,0,30,,20493,2,,,0,70,,20492,2,,,0,30,,20491,2,,,0,70,,20490,2,,,0,30,,20489,2,,,0,70,,20488,2,,,0,30,,20487,2,,,0,69,,20486,2,,,0,30,,20485,2,,,0,70,,20484,2,,,0,30,,20483,2,,,0,70,,20482,2,,,0,30,,20479,2,,,0,90,,20481,2,,,0
569000,'3',600,,20529,2,,,0,100,,20530,2,,,0,30,,20531,2,,,0,70,,20532,2,,,0,30,,20533,2,,,0,71,,20534,2,,,0,30,,20535,2,,,0,70,,20536,2,,,0,30,,20537,2,,,0,70,,20538,2,,,0,30,,20539,2,,,0,70,,20540,2,,,0,30,,20541,2,,,0,70,,20542,2,,,0,30,,20543,2,,,0,70,,20544,2,,,0,30,,20545,2,,,0,70,,20546,2,,,0,30,,20547,2,,,0,70,,20548,2,,,0,30,,20549,2,,,0,70,,20550,2,,,0,30,,20551,2,,,0,70,,20552,2,,,0,30,,20553,2,,,0,70,,20554,2,,,0,30,,20555,2,,,0,69,,20556,2,,,0,30,,20557,2,,,0,70,,20558,2,,,0,30,,20559,2,,,0,70,,20560,2,,,0,30,,20561,2,,,0,70,,20562,2,,,0,30,,20563,2,,,0,70,,20564,2,,,0
569300,'1',501,,21577,2,,,0,30,,21576,2,,,0,70,,21575,2,,,0,30,,21574,2,,,0,70,,21586,2,,,0,30,,21587,2,,,0,70,,21588,2,,,0,30,,21589,2,,,0,70,,21590,2,,,0,30,,21591,2,,,0,70,,21592,2,,,0,30,,21593,2,,,0,70,,21573,2,,,0,30,,21572,2,,,0,70,,21571,2,,,0,30,,21570,2,,,0,70,,21569,2,,,0,30,,21568,2,,,0,71,,21567,2,,,0,30,,21578,2,,,0,70,,21579,2,,,0,30,,21580,2,,,0,70,,21581,2,,,0,30,,21582,2,,,0,70,,21583,2,,,0,30,,21584,2,,,0,70,,21585,2,,,0,30,,21566,2,,,0,70,,21594,2,,,0,50,,21565,2,,,0,100,,21564,2,,,0,100,,21563,2,,,0,104,,21562,2,,,0,145,,21561,2,,,0,100,,21560,2,,,0
569300,'2',516,,21595,2,,,0,30,,21613,2,,,0,70,,21603,2,,,0,30,,21614,2,,,0,70,,21602,2,,,0,30,,21615,2,,,0,76,,21601,2,,,0,30,,21616,2,,,0,70,,21617,2,,,0,30,,21618,2,,,0,70,,21619,2,,,0,30,,21620,2,,,0,70,,21621,2,,,0,30,,21622,2,,,0,70,,21623,2,,,0,30,,21624,2,,,0,70,,21625,2,,,0,30,,21626,2,,,0,70,,21627,2,,,0,30,,21628,2,,,0,70,,21629,2,,,0,30,,21604,2,,,0,70,,21605,2,,,0,30,,21606,2,,,0,70,,21607,2,,,0,30,,21608,2,,,0,70,,21597,2,,,0,35,,21609,2,,,0,99,,21610,2,,,0,100,,21611,2,,,0,100,,21612,2,,,0,100,,21600,2,,,0,100,,21599,2,,,0,100,,21598,2,,,0,100,,21596,2,,,0
569300,'3',606,,21630,2,,,0,20,,21632,2,,,0,30,,21654,2,,,0,70,,21637,2,,,0,30,,21653,2,,,0,70,,21636,2,,,0,30,,21652,2,,,0,70,,21635,2,,,0,30,,21651,2,,,0,70,,21650,2,,,0,30,,21649,2,,,0,70,,21648,2,,,0,30,,21647,2,,,0,70,,21646,2,,,0,30,,21645,2,,,0,70,,21644,2,,,0,30,,21643,2,,,0,70,,21642,2,,,0,30,,21641,2,,,0,70,,21640,2,,,0,30,,21639,2,,,0,70,,21638,2,,,0,30,,21660,2,,,0,70,,21631,2,,,0,30,,21659,2,,,0,100,,21658,2,,,0,100,,21657,2,,,0,100,,21656,2,,,0,100,,21655,2,,,0,100,,21633,2,,,0,100,,21634,2,,,0
569400,'1',511,,21781,2,,,0,30,,21780,2,,,0,70,,21779,2,,,0,30,,21778,2,,,0,70,,21777,2,,,0,35,,21776,2,,,0,70,,21782,2,,,0,30,,21783,2,,,0,70,,21784,2,,,0,30,,21785,2,,,0,70,,21786,2,,,0,30,,21787,2,,,0,70,,21775,2,,,0,30,,21774,2,,,0,70,,21773,2,,,0,30,,21772,2,,,0,70,,21771,2,,,0,30,,21770,2,,,0,70,,21769,2,,,0,30,,21768,2,,,0,70,,21788,2,,,0,30,,21789,2,,,0,70,,21790,2,,,0,30,,21791,2,,,0,70,,21792,2,,,0,30,,21793,2,,,0,70,,21794,2,,,0,30,,21795,2,,,0,90,,21762,2,,,0,95,,21767,2,,,0,100,,21766,2,,,0,100,,21765,2,,,0,105,,21764,2,,,0,100,,21763,2,,,0,100,,21761,2,,,0
569400,'2',501,,21796,2,,,0,30,,21803,2,,,0,70,,21802,2,,,0,30,,21804,2,,,0,70,,21801,2,,,0,30,,21805,2,,,0,70,,21830,2,,,0,30,,21806,2,,,0,70,,21807,2,,,0,30,,21808,2,,,0,70,,21809,2,,,0,30,,21810,2,,,0,70,,21811,2,,,0,30,,21812,2,,,0,70,,21813,2,,,0,30,,21814,2,,,0,70,,21815,2,,,0,30,,21816,2,,,0,70,,21817,2,,,0,30,,21818,2,,,0,70,,21819,2,,,0,30,,21820,2,,,0,70,,21821,2,,,0,30,,21822,2,,,0,70,,21823,2,,,0,30,,21824,2,,,0,70,,21825,2,,,0,30,,21826,2,,,0,105,,21827,2,,,0,100,,21828,2,,,0,100,,21829,2,,,0,100,,21800,2,,,0,100,,21799,2,,,0,100,,21798,2,,,0,100,,21797,2,,,0
569400,'3',600,,21833,2,,,0,30,,21832,2,,,0,70,,21834,2,,,0,30,,21840,2,,,0,70,,21838,2,,,0,30,,21841,2,,,0,70,,21837,2,,,0,30,,21842,2,,,0,71,,21843,2,,,0,30,,21844,2,,,0,70,,21845,2,,,0,30,,21846,2,,,0,70,,21847,2,,,0,30,,21848,2,,,0,70,,21849,2,,,0,30,,21850,2,,,0,70,,21851,2,,,0,30,,21852,2,,,0,70,,21853,2,,,0,30,,21854,2,,,0,70,,21855,2,,,0,30,,21856,2,,,0,70,,21857,2,,,0,30,,21858,2,,,0,70,,21831,2,,,0,30,,21859,2,,,0,99,,21860,2,,,0,100,,21861,2,,,0,100,,21839,2,,,0,100,,21836,2,,,0,100,,21835,2,,,0
569500,'703',1005,,21969,2,,,0,100,,21968,2,,,0,100,,21967,2,,,0,100,,21966,2,,,0,100,,21965,2,,,0,100,,21964,2,,,0,100,,21963,2,,,0
571000,'1',511,,25874,2,0,8 35 6,0,30,,25875,2,0,5 6,0,70,,25876,2,0,8 35 6,0,30,,25877,2,0,5 6,0,70,,25878,2,0,8 35 6,0,20,,25879,2,0,5 6,0,20,,25880,2,0,8 35 6,0,60,,25881,2,0,5 6,0,20,,25882,2,0,8 35 6,0,20,,25883,2,0,8 35 6,0,60,,25884,2,0,5 6,0,20,,25885,2,0,8 35 6,0,20,,25886,2,0,5 6,0,70,,25887,2,0,8 35 6,0,30,,25888,2,0,5 6,0,70,,25889,2,0,8 35 6,0,30,,25890,2,0,5 6,0,70,,25891,2,0,8 35 6,0,30,,25892,2,0,5 6,0,70,,25893,2,0,8 35 6,0,30,,25894,2,0,5 6,0,70,,25895,2,0,8 35 6,0,20,,25896,2,0,5 6,0,60,,25897,2,0,8 35 6,0,20,,25898,2,0,5 6,0,20,,25899,2,0,8 35 6,0,60,,25900,2,0,5 6,0,20,,25901,2,0,8 35 6,0,20,,25902,2,0,5 6,0,60,,25903,2,0,8 35 6,0,20,,25904,2,0,5 6,0,20,,25905,2,0,8 35 6,0,60,,25906,2,0,5 6,0,30,,25907,2,0,8 35 6,0,70,,25908,2,0,5 6,0,30,,25909,2,0,8 35 6,0,70,,25910,2,0,5 6,0,30,,25911,2,0,8 35 6,0,70,,25912,2,0,5 6,0,107,,25913,2,0,8 35 6,0,108,,25914,2,0,5 3 8 35 36,0,115,,25915,2,0,5 3 8 35 36,0
571000,'2',650,,25927,2,0,5 6,0,66,,25928,2,0,8 35 6,0,30,,25945,2,0,5 6,0,70,,25946,2,0,8 35 6,0,30,,25919,2,0,5 6,0,70,,25934,2,0,8 35 6,0,30,,25930,2,0,5 6,0,70,,25931,2,0,8 35 6,0,30,,25932,2,0,5 6,0,70,,25933,2,0,8 35 6,0,30,,25947,2,0,5 6,0,70,,25935,2,0,8 35 6,0,30,,25943,2,0,5 6,0,70,,25944,2,0,8 35 6,0,30,,25936,2,0,5 6,0,70,,25937,2,0,8 35 6,0,30,,25938,2,0,5 6,0,70,,25939,2,0,8 35 6,0,30,,25929,2,0,5 6,0,70,,25918,2,0,8 35 6,0,30,,25920,2,0,5 6,0,70,,25948,2,0,8 35 6,0,30,,25949,2,0,5 6,0,75,,25950,2,0,8 35 6,0,30,,25916,2,0,5 6,0,70,,25917,2,0,8 35 6,0,30,,25922,2,0,5 6,0,70,,25923,2,0,8 35 6,0,30,,25924,2,0,5 6,0,70,,25921,2,0,8 35 6,0,30,,25940,2,0,5 6,0,70,,25941,2,0,8 35 6,0,30,,25942,2,0,5 6,0,70,,25925,2,0,8 35 6,0,80,,25926,2,0,5 3 8 35 36,0
571000,'3',701,,25974,2,0,5 6,0,30,,25978,2,0,8 35 6,0,70,,25973,2,0,5 6,0,30,,25979,2,0,8 35 6,0,70,,25972,2,0,5 6,0,30,,25975,2,0,8 35 6,0,70,,25971,2,0,5 6,0,30,,25981,2,0,8 35 6,0,70,,25970,2,0,5 6,0,30,,25982,2,0,8 35 6,0,70,,25969,2,0,5 6,0,30,,25983,2,0,8 35 6,0,70,,25968,2,0,5 6,0,30,,25980,2,0,8 35 6,0,70,,25967,2,0,5 6,0,30,,25976,2,0,8 35 6,0,70,,25966,2,0,5 6,0,30,,25977,2,0,8 35 6,0,70,,25965,2,0,5 6,0,30,,25984,2,0,8 35 6,0,70,,25964,2,0,5 6,0,30,,25985,2,0,8 35 6,0,70,,25963,2,0,5 6,0,30,,25962,2,0,8 35 6,0,70,,25957,2,0,5 6,0,30,,25961,2,0,8 35 6,0,70,,25956,2,0,5 6,0,30,,25960,2,0,8 35 6,0,70,,25955,2,0,5 6,0,30,,25959,2,0,8 35 6,0,70,,25954,2,0,5 6,0,30,,25958,2,0,8 35 6,0,70,,25953,2,0,5 6,0,30,,25952,2,0,8 35 6,0,70,,25951,2,0,5 6,0
