569000,'1',451,,20462,8,,,0,55,,20432,8,,,0,20,,20425,8,,,0,20,,20426,8,,,0,60,,20427,8,,,0,20,,20428,8,,,0,20,,20429,8,,,0,60,,20430,8,,,0,20,,20431,8,,,0,20,,20424,8,,,0,60,,20461,8,,,0,20,,20460,8,,,0,20,,20459,8,,,0,60,,20458,8,,,0,20,,20457,8,,,0,20,,20456,8,,,0,60,,20455,8,,,0,20,,20452,8,,,0,20,,20451,8,,,0,60,,20450,8,,,0,20,,20449,8,,,0,20,,20448,8,,,0,60,,20447,8,,,0,20,,20454,8,,,0,20,,20453,8,,,0,60,,20478,8,,,0,20,,20446,8,,,0,21,,20445,8,,,0,60,,20444,8,,,0,20,,20443,8,,,0,20,,20442,8,,,0,60,,20441,8,,,0,20,,20440,8,,,0,20,,20439,8,,,0,60,,20438,8,,,0,20,,20437,8,,,0,20,,20436,8,,,0,60,,20435,8,,,0,20,,20434,8,,,0,20,,20433,8,,,0,63,,20463,8,,,0,30,,20464,8,,,0,74,,20465,8,,,0,30,,20466,8,,,0,70,,20467,8,,,0,30,,20468,8,,,0,70,,20469,8,,,0,30,,20477,8,,,0,69,,20476,8,,,0,30,,20475,8,,,0,70,,20474,8,,,0,30,,20473,8,,,0,70,,20472,8,,,0,32,,20471,8,,,0,80,,20470,8,,,0
569000,'2',505,,20528,8,,,0,30,,20527,8,,,0,70,,20526,8,,,0,30,,20525,8,,,0,70,,20524,8,,,0,30,,20523,8,,,0,70,,20522,8,,,0,20,,20480,8,,,0,20,,20521,8,,,0,60,,20520,8,,,0,20,,20519,8,,,0,20,,20518,8,,,0,60,,20517,8,,,0,20,,20516,8,,,0,20,,20515,8,,,0,60,,20514,8,,,0,20,,20513,8,,,0,20,,20512,8,,,0,60,,20511,8,,,0,20,,20510,8,,,0,20,,20509,8,,,0,60,,20508,8,,,0,20,,20507,8,,,0,20,,20506,8,,,0,60,,20505,8,,,0,20,,20504,8,,,0,20,,20503,8,,,0,60,,20502,8,,,0,20,,20501,8,,,0,20,,20500,8,,,0,60,,20499,8,,,0,20,,20498,8,,,0,20,,20497,8,,,0,60,,20496,8,,,0,30,,20495,8,,,0,71,,20494,8,,,0,30,,20493,8,,,0,70,,20492,8,,,0,30,,20491,8,,,0,70,,20490,8,,,0,30,,20489,8,,,0,70,,20488,8,,,0,30,,20487,8,,,0,69,,20486,8,,,0,30,,20485,8,,,0,70,,20484,8,,,0,30,,20483,8,,,0,70,,20482,8,,,0,30,,20479,8,,,0,90,,20481,8,,,0
569000,'3',605,,20529,8,,,0,100,,20530,8,,,0,30,,20531,8,,,0,70,,20532,8,,,0,30,,20533,8,,,0,71,,20534,8,,,0,30,,20535,8,,,0,70,,20536,8,,,0,30,,20537,8,,,0,70,,20538,8,,,0,30,,20539,8,,,0,70,,20540,8,,,0,30,,20541,8,,,0,70,,20542,8,,,0,30,,20543,8,,,0,70,,20544,8,,,0,30,,20545,8,,,0,70,,20546,8,,,0,30,,20547,8,,,0,70,,20548,8,,,0,30,,20549,8,,,0,70,,20550,8,,,0,30,,20551,8,,,0,70,,20552,8,,,0,30,,20553,8,,,0,70,,20554,8,,,0,30,,20555,8,,,0,69,,20556,8,,,0,30,,20557,8,,,0,70,,20558,8,,,0,30,,20559,8,,,0,70,,20560,8,,,0,30,,20561,8,,,0,70,,20562,8,,,0,30,,20563,8,,,0,70,,20564,8,,,0
569301,'1',534,,21679,16,,,0,70,,21678,16,,,0,30,,21677,16,,,0,70,,21676,16,,,0,32,,21680,16,,,0,70,,21681,16,,,0,30,,21682,16,,,0,70,,21683,16,,,0,30,,21684,16,,,0,70,,21685,16,,,0,30,,21686,16,,,0,70,,21675,16,,,0,30,,21674,16,,,0,70,,21673,16,,,0,30,,21672,16,,,0,70,,21671,16,,,0,30,,21670,16,,,0,70,,21669,16,,,0,30,,21668,16,,,0,70,,21687,16,,,0,30,,21688,16,,,0,70,,21689,16,,,0,30,,21690,16,,,0,70,,21691,16,,,0,30,,21692,16,,,0,70,,21693,16,,,0,30,,21694,16,,,0,70,,21695,16,,,0,24,,21667,16,,,0,95,,21666,16,,,0,100,,21665,16,,,0,99,,21664,16,,,0,105,,21663,16,,,0,100,,21662,16,,,0,100,,21661,16,,,0
569301,'2',523,,21696,16,,,0,30,,21697,16,,,0,70,,21729,16,,,0,30,,21703,16,,,0,70,,21728,16,,,0,30,,21701,16,,,0,71,,21727,16,,,0,30,,21702,16,,,0,70,,21726,16,,,0,30,,21725,16,,,0,70,,21724,16,,,0,30,,21723,16,,,0,70,,21722,16,,,0,30,,21721,16,,,0,70,,21720,16,,,0,30,,21719,16,,,0,70,,21718,16,,,0,30,,21717,16,,,0,70,,21716,16,,,0,30,,21715,16,,,0,70,,21714,16,,,0,30,,21713,16,,,0,70,,21712,16,,,0,30,,21711,16,,,0,70,,21710,16,,,0,30,,21709,16,,,0,70,,21708,16,,,0,104,,21707,16,,,0,102,,21706,16,,,0,100,,21705,16,,,0,99,,21704,16,,,0,100,,21700,16,,,0,100,,21699,16,,,0,100,,21698,16,,,0
569301,'3',626,,21731,16,,,0,30,,21758,16,,,0,70,,21737,16,,,0,30,,21736,16,,,0,70,,21757,16,,,0,30,,21735,16,,,0,70,,21756,16,,,0,30,,21734,16,,,0,69,,21755,16,,,0,30,,21754,16,,,0,70,,21753,16,,,0,30,,21752,16,,,0,70,,21751,16,,,0,30,,21750,16,,,0,70,,21749,16,,,0,30,,21748,16,,,0,70,,21747,16,,,0,30,,21746,16,,,0,70,,21745,16,,,0,30,,21744,16,,,0,70,,21743,16,,,0,30,,21742,16,,,0,70,,21741,16,,,0,30,,21730,16,,,0,70,,21740,16,,,0,100,,21739,16,,,0,100,,21738,16,,,0,100,,21760,16,,,0,100,,21759,16,,,0,100,,21733,16,,,0,100,,21732,16,,,0
569401,'1',545,,21880,9,,,0,70,,21879,9,,,0,30,,21878,9,,,0,70,,21877,9,,,0,30,,21876,9,,,0,70,,21881,9,,,0,30,,21882,9,,,0,70,,21883,9,,,0,30,,21884,9,,,0,70,,21885,9,,,0,30,,21886,9,,,0,70,,21875,9,,,0,30,,21874,9,,,0,70,,21873,9,,,0,30,,21872,9,,,0,70,,21871,9,,,0,30,,21870,9,,,0,70,,21869,9,,,0,30,,21868,9,,,0,70,,21887,9,,,0,30,,21888,9,,,0,70,,21889,9,,,0,30,,21890,9,,,0,70,,21891,9,,,0,30,,21892,9,,,0,70,,21893,9,,,0,30,,21894,9,,,0,70,,21896,9,,,0,40,,21895,9,,,0,100,,21867,9,,,0,100,,21866,9,,,0,100,,21865,9,,,0,100,,21864,9,,,0,100,,21863,9,,,0,101,,21862,9,,,0
569401,'2',525,,21897,9,,,0,30,,21904,9,,,0,70,,21903,9,,,0,30,,21905,9,,,0,70,,21902,9,,,0,30,,21906,9,,,0,71,,21931,9,,,0,30,,21907,9,,,0,70,,21908,9,,,0,30,,21909,9,,,0,70,,21910,9,,,0,30,,21911,9,,,0,70,,21912,9,,,0,30,,21913,9,,,0,70,,21914,9,,,0,30,,21915,9,,,0,70,,21916,9,,,0,30,,21917,9,,,0,70,,21918,9,,,0,30,,21919,9,,,0,70,,21920,9,,,0,30,,21921,9,,,0,70,,21922,9,,,0,30,,21923,9,,,0,70,,21924,9,,,0,30,,21925,9,,,0,70,,21926,9,,,0,30,,21927,9,,,0,100,,21928,9,,,0,100,,21929,9,,,0,100,,21930,9,,,0,100,,21901,9,,,0,100,,21900,9,,,0,100,,21899,9,,,0,100,,21898,9,,,0
569401,'3',626,,21935,9,,,0,30,,21936,9,,,0,70,,21937,9,,,0,30,,21941,9,,,0,70,,21939,9,,,0,30,,21942,9,,,0,70,,21938,9,,,0,30,,21943,9,,,0,69,,21944,9,,,0,30,,21945,9,,,0,70,,21946,9,,,0,30,,21947,9,,,0,70,,21948,9,,,0,30,,21949,9,,,0,70,,21950,9,,,0,30,,21951,9,,,0,70,,21952,9,,,0,30,,21953,9,,,0,70,,21954,9,,,0,30,,21955,9,,,0,70,,21956,9,,,0,30,,21957,9,,,0,70,,21958,9,,,0,30,,21959,9,,,0,70,,21932,9,,,0,30,,21960,9,,,0,101,,21961,9,,,0,100,,21962,9,,,0,100,,21940,9,,,0,100,,21934,9,,,0,100,,21933,9,,,0
569501,'703',1053,,21976,17,,,0,100,,21971,17,,,0,100,,21970,17,,,0,100,,21975,17,,,0,100,,21974,17,,,0,100,,21973,17,,,0,100,,21972,17,,,0
