555401,'1601_merged_2137313',858,,4900,,,0,98,,4899,,,0
555401,'1_merged_2137307',537,,4965,,,0,20,,4964,,,0,60,,4963,,,0,20,,4962,,,0,20,,4961,,,0,56,,4960,,,0,16,,4959,,,0,18,,4958,,,0,55,,4957,,,0,15,,4956,,,0,15,,4955,,,0,15,,4954,,,0,55,,4953,,,0,15,,4952,,,0,16,,4951,,,0,16,,4950,,,0,53,,4949,,,0,15,,4948,,,0,15,,4947,,,0,15,,4946,,,0,55,,4945,,,0,15,,4944,,,0,15,,4943,,,0,15,,4942,,,0,55,,4941,,,0,15,,4940,,,0,15,,4939,,,0,15,,4938,,,0,55,,4937,,,0,15,,4936,,,0,15,,4935,,,0,15,,4934,,,0,55,,4933,,,0,17,,4932,,,0,15,,4931,,,0,15,,4930,,,0,55,,4929,,,0,15,,4928,,,0,15,,4927,,,0,15,,4926,,,0,55,,4925,,,0,15,,4924,,,0,15,,4923,,,0,15,,4922,,,0,55,,4921,,,0,15,,4920,,,0,15,,4919,,,0,15,,4918,,,0,55,,4917,,,0,15,,4916,,,0,15,,4915,,,0,15,,4914,,,0,70,,4913,,,0,32,,4912,,,0,70,,4911,,,0,30,,4910,,,0,70,,4909,,,0,30,,4908,,,0,70,,4907,,,0,28,,4906,,,0,70,,4905,,,0,30,,4904,,,0,70,,4903,,,0,30,,4902,,,0,61,,4901,,,0
555401,'2_merged_2137309',546,,4966,,,0,70,,4967,,,0,30,,4968,,,0,70,,4969,,,0,30,,4970,,,0,70,,4971,,,0,30,,4972,,,0,70,,4973,,,0,32,,4974,,,0,70,,4975,,,0,30,,4976,,,0,70,,4977,,,0,30,,4978,,,0,70,,4979,,,0,30,,4980,,,0,70,,4981,,,0,30,,4982,,,0,70,,4983,,,0,30,,4984,,,0,70,,4985,,,0,30,,4986,,,0,70,,4987,,,0,30,,4988,,,0,70,,4989,,,0,30,,4990,,,0,70,,4991,,,0,30,,4992,,,0,73,,4993,,,0,30,,4994,,,0,70,,4995,,,0,30,,4996,,,0,70,,4997,,,0,30,,4998,,,0,70,,4999,,,0,30,,5000,,,0,70,,5001,,,0,30,,5002,,,0,70,,5003,,,0,30,,5004,,,0
555401,'3_merged_2137308',605,,5005,,,0,30,,5006,,,0,70,,5007,,,0,30,,5008,,,0,70,,5009,,,0,30,,5010,,,0,70,,5011,,,0,30,,5012,,,0,70,,5013,,,0,30,,5014,,,0,70,,5015,,,0,30,,5016,,,0,70,,5017,,,0,30,,5018,,,0,70,,5019,,,0,30,,5020,,,0,70,,5021,,,0,30,,5022,,,0,70,,5023,,,0,30,,5024,,,0,70,,5025,,,0,30,,5026,,,0,70,,5027,,,0,30,,5028,,,0,70,,5029,,,0,30,,5030,,,0,70,,5031,,,0,28,,5032,,,0,70,,5033,,,0,30,,5034,,,0,70,,5035,,,0,30,,5036,,,0,70,,5037,,,0,30,,5038,,,0,70,,5039,,,0,25,,5040,,,0,22,,5041,,,0
556101,'1_merged_2137307',528,,7043,,,0,20,,7042,,,0,60,,7041,,,0,20,,7040,,,0,20,,7039,,,0,60,,7038,,,0,15,,7037,,,0,19,,7036,,,0,15,,7035,,,0,55,,7034,,,0,18,,7033,,,0,20,,7032,,,0,60,,7031,,,0,19,,7030,,,0,20,,7029,,,0,60,,7028,,,0,20,,7027,,,0,20,,7026,,,0,60,,7025,,,0,20,,7024,,,0,20,,7023,,,0,60,,7022,,,0,20,,7021,,,0,20,,7020,,,0,60,,7019,,,0,20,,7018,,,0,20,,7017,,,0,60,,7016,,,0,15,,7015,,,0,15,,7014,,,0,15,,7013,,,0,55,,7012,,,0,15,,7011,,,0,15,,7010,,,0,15,,7009,,,0,55,,7008,,,0,15,,7007,,,0,15,,7006,,,0,15,,7005,,,0,55,,7004,,,0,15,,7003,,,0,15,,7002,,,0,15,,7001,,,0,55,,7000,,,0,30,,6999,,,0,70,,6998,,,0,30,,6997,,,0,70,,6996,,,0,26,,6995,,,0,70,,6994,,,0,45,,6993,,,0,80,,6992,,,0,80,,6991,,,0,40,,6990,,,0,80,,6989,,,0,80,,6988,,,0
556101,'2_merged_2137309',528,,7047,,,0,30,,7046,,,0,70,,7082,,,0,30,,7081,,,0,70,,7080,,,0,30,,7079,,,0,70,,7078,,,0,30,,7077,,,0,74,,7076,,,0,70,,7075,,,0,30,,7074,,,0,70,,7073,,,0,30,,7072,,,0,70,,7071,,,0,30,,7070,,,0,70,,7069,,,0,30,,7068,,,0,70,,7067,,,0,30,,7066,,,0,70,,7065,,,0,30,,7064,,,0,70,,7063,,,0,30,,7062,,,0,70,,7061,,,0,30,,7060,,,0,70,,7059,,,0,30,,7058,,,0,70,,7057,,,0,30,,7056,,,0,70,,7055,,,0,27,,7054,,,0,30,,7053,,,0,70,,7052,,,0,30,,7051,,,0,70,,7050,,,0,80,,7049,,,0,40,,7048,,,0,80,,7045,,,0,80,,7044,,,0
556101,'3_merged_2137308',615,,7118,,,0,30,,7117,,,0,70,,7116,,,0,30,,7115,,,0,70,,7114,,,0,30,,7113,,,0,70,,7112,,,0,33,,7111,,,0,70,,7110,,,0,30,,7109,,,0,70,,7108,,,0,30,,7107,,,0,70,,7106,,,0,30,,7105,,,0,70,,7104,,,0,30,,7103,,,0,70,,7102,,,0,30,,7101,,,0,70,,7100,,,0,30,,7099,,,0,70,,7098,,,0,30,,7097,,,0,70,,7096,,,0,30,,7095,,,0,70,,7094,,,0,30,,7093,,,0,70,,7092,,,0,30,,7091,,,0,70,,7090,,,0,26,,7089,,,0,70,,7088,,,0,35,,7087,,,0,80,,7086,,,0,80,,7085,,,0,40,,7084,,,0,75,,7083,,,0
556301,'1_merged_2137307',500,,7569,,,0,35,,7568,,,0,23,,7567,,,0,62,,7566,,,0,19,,7565,,,0,20,,7564,,,0,60,,7563,,,0,17,,7562,,,0,15,,7561,,,0,55,,7560,,,0,15,,7559,,,0,15,,7558,,,0,15,,7557,,,0,55,,7556,,,0,15,,7555,,,0,15,,7554,,,0,15,,7553,,,0,55,,7552,,,0,17,,7551,,,0,20,,7550,,,0,60,,7549,,,0,20,,7548,,,0,20,,7547,,,0,60,,7546,,,0,20,,7545,,,0,20,,7544,,,0,60,,7543,,,0,20,,7542,,,0,20,,7541,,,0,60,,7540,,,0,16,,7539,,,0,12,,7538,,,0,15,,7537,,,0,55,,7536,,,0,15,,7535,,,0,15,,7534,,,0,15,,7533,,,0,55,,7532,,,0,15,,7531,,,0,15,,7530,,,0,15,,7529,,,0,55,,7528,,,0,15,,7527,,,0,18,,7526,,,0,15,,7525,,,0,55,,7524,,,0,15,,7523,,,0,15,,7522,,,0,15,,7521,,,0,55,,7520,,,0,15,,7519,,,0,15,,7518,,,0,20,,7517,,,0,60,,7516,,,0,20,,7515,,,0,20,,7514,,,0,60,,7513,,,0,20,,7512,,,0,16,,7511,,,0,70,,7510,,,0,30,,7509,,,0,70,,7508,,,0,30,,7507,,,0,68,,7506,,,0,28,,7505,,,0,68,,7504,,,0
556301,'2_merged_2137309',537,,7595,,,0,70,,7602,,,0,30,,7582,,,0,70,,7581,,,0,30,,7580,,,0,70,,7579,,,0,30,,7597,,,0,70,,7596,,,0,29,,7613,,,0,70,,7585,,,0,24,,7584,,,0,20,,7583,,,0,60,,7588,,,0,20,,7587,,,0,20,,7586,,,0,60,,7594,,,0,20,,7593,,,0,20,,7592,,,0,60,,7591,,,0,20,,7590,,,0,20,,7589,,,0,60,,7578,,,0,20,,7575,,,0,20,,7604,,,0,60,,7603,,,0,20,,7605,,,0,20,,7608,,,0,60,,7607,,,0,20,,7610,,,0,20,,7609,,,0,60,,7606,,,0,21,,7615,,,0,20,,7601,,,0,60,,7599,,,0,20,,7598,,,0,20,,7600,,,0,60,,7574,,,0,30,,7573,,,0,70,,7577,,,0,30,,7576,,,0,70,,7611,,,0,30,,7614,,,0,70,,7570,,,0,30,,7618,,,0,70,,7617,,,0,30,,7616,,,0,70,,7572,,,0,30,,7571,,,0,70,,7612,,,0
556301,'3_merged_2137308',615,,7619,,,0,33,,7620,,,0,70,,7621,,,0,30,,7622,,,0,70,,7623,,,0,30,,7624,,,0,70,,7625,,,0,30,,7626,,,0,70,,7627,,,0,31,,7628,,,0,69,,7629,,,0,31,,7630,,,0,69,,7631,,,0,31,,7632,,,0,69,,7633,,,0,31,,7634,,,0,69,,7635,,,0,30,,7636,,,0,71,,7637,,,0,29,,7638,,,0,71,,7639,,,0,29,,7640,,,0,71,,7641,,,0,31,,7642,,,0,70,,7643,,,0,30,,7644,,,0,69,,7645,,,0,31,,7646,,,0,69,,7647,,,0,31,,7648,,,0,69,,7649,,,0,31,,7650,,,0,67,,7651,,,0,31,,7652,,,0,69,,7653,,,0,31,,7654,,,0
