555600,'1601_merged_2137313',1541,,5315,,,0
555600,'1_merged_2137307',539,,5375,,,0,20,,5374,,,0,57,,5373,,,0,15,,5372,,,0,15,,5371,,,0,55,,5370,,,0,15,,5369,,,0,15,,5368,,,0,15,,5367,,,0,55,,5366,,,0,15,,5365,,,0,15,,5364,,,0,15,,5363,,,0,55,,5362,,,0,18,,5361,,,0,20,,5360,,,0,20,,5359,,,0,61,,5358,,,0,20,,5357,,,0,60,,5356,,,0,20,,5355,,,0,20,,5354,,,0,60,,5353,,,0,20,,5352,,,0,20,,5351,,,0,60,,5350,,,0,20,,5349,,,0,21,,5348,,,0,60,,5347,,,0,15,,5346,,,0,15,,5345,,,0,15,,5344,,,0,55,,5343,,,0,15,,5342,,,0,15,,5341,,,0,15,,5340,,,0,55,,5339,,,0,15,,5338,,,0,15,,5337,,,0,15,,5336,,,0,55,,5335,,,0,15,,5334,,,0,15,,5333,,,0,15,,5332,,,0,60,,5331,,,0,25,,5330,,,0,25,,5329,,,0,68,,5328,,,0,30,,5327,,,0,70,,5326,,,0,30,,5325,,,0,70,,5324,,,0,29,,5323,,,0,70,,5322,,,0,30,,5321,,,0,70,,5320,,,0,30,,5319,,,0,70,,5318,,,0,35,,5317,,,0,70,,5316,,,0
555600,'2_merged_2137309',547,,5413,,,0,70,,5412,,,0,30,,5411,,,0,70,,5410,,,0,30,,5409,,,0,70,,5408,,,0,32,,5407,,,0,60,,5406,,,0,20,,5405,,,0,20,,5404,,,0,60,,5403,,,0,20,,5402,,,0,20,,5401,,,0,60,,5400,,,0,20,,5399,,,0,20,,5398,,,0,60,,5397,,,0,20,,5396,,,0,20,,5395,,,0,60,,5394,,,0,20,,5393,,,0,20,,5392,,,0,60,,5391,,,0,20,,5390,,,0,20,,5389,,,0,60,,5388,,,0,20,,5387,,,0,20,,5386,,,0,60,,5385,,,0,20,,5384,,,0,20,,5383,,,0,59,,5382,,,0,20,,5381,,,0,25,,5380,,,0,70,,5379,,,0,30,,5378,,,0,70,,5377,,,0,30,,5376,,,0,70,,5424,,,0,30,,5423,,,0,70,,5422,,,0,30,,5421,,,0,70,,5420,,,0,30,,5419,,,0,70,,5418,,,0,30,,5417,,,0,70,,5416,,,0,30,,5415,,,0,75,,5414,,,0
555600,'3_merged_2137308',647,,5437,,,0,70,,5436,,,0,30,,5438,,,0,70,,5435,,,0,30,,5439,,,0,73,,5440,,,0,30,,5441,,,0,70,,5442,,,0,30,,5443,,,0,70,,5444,,,0,30,,5445,,,0,70,,5446,,,0,30,,5447,,,0,70,,5448,,,0,30,,5449,,,0,70,,5450,,,0,30,,5451,,,0,70,,5452,,,0,30,,5453,,,0,70,,5454,,,0,30,,5455,,,0,70,,5456,,,0,29,,5457,,,0,70,,5434,,,0,30,,5458,,,0,70,,5433,,,0,30,,5459,,,0,70,,5432,,,0,30,,5460,,,0,69,,5431,,,0,30,,5430,,,0,70,,5429,,,0,30,,5428,,,0,70,,5427,,,0,30,,5426,,,0,60,,5425,,,0
555700,'1601_merged_2137313',1609,,5609,,,0
555700,'1_merged_2137307',529,,5668,,,0,20,,5667,,,0,60,,5666,,,0,20,,5665,,,0,20,,5664,,,0,60,,5663,,,0,15,,5662,,,0,15,,5661,,,0,15,,5660,,,0,55,,5659,,,0,15,,5658,,,0,15,,5657,,,0,15,,5656,,,0,55,,5655,,,0,20,,5654,,,0,21,,5653,,,0,60,,5652,,,0,20,,5651,,,0,20,,5650,,,0,60,,5649,,,0,20,,5648,,,0,20,,5647,,,0,60,,5646,,,0,20,,5645,,,0,20,,5644,,,0,60,,5643,,,0,20,,5642,,,0,21,,5641,,,0,60,,5640,,,0,15,,5639,,,0,15,,5638,,,0,15,,5637,,,0,55,,5636,,,0,15,,5635,,,0,15,,5634,,,0,15,,5633,,,0,55,,5632,,,0,15,,5631,,,0,15,,5630,,,0,15,,5629,,,0,55,,5628,,,0,15,,5627,,,0,15,,5626,,,0,15,,5625,,,0,55,,5624,,,0,28,,5623,,,0,70,,5622,,,0,30,,5621,,,0,70,,5620,,,0,30,,5619,,,0,70,,5618,,,0,29,,5617,,,0,70,,5616,,,0,30,,5615,,,0,70,,5614,,,0,30,,5613,,,0,70,,5612,,,0,30,,5611,,,0,70,,5610,,,0
555700,'2_merged_2137309',602,,5711,,,0,30,,5710,,,0,70,,5709,,,0,30,,5708,,,0,70,,5707,,,0,30,,5706,,,0,27,,5705,,,0,60,,5704,,,0,20,,5703,,,0,20,,5702,,,0,60,,5701,,,0,20,,5700,,,0,20,,5699,,,0,60,,5698,,,0,20,,5697,,,0,20,,5696,,,0,60,,5695,,,0,20,,5694,,,0,20,,5693,,,0,60,,5692,,,0,20,,5691,,,0,20,,5690,,,0,60,,5689,,,0,20,,5688,,,0,20,,5687,,,0,60,,5686,,,0,20,,5685,,,0,20,,5684,,,0,60,,5683,,,0,20,,5682,,,0,20,,5681,,,0,59,,5680,,,0,20,,5679,,,0,70,,5678,,,0,30,,5677,,,0,70,,5676,,,0,30,,5675,,,0,70,,5674,,,0,30,,5673,,,0,70,,5672,,,0,30,,5671,,,0,70,,5670,,,0,30,,5669,,,0,70,,5716,,,0,30,,5715,,,0,70,,5714,,,0,30,,5713,,,0,70,,5712,,,0
555700,'3_merged_2137308',627,,5746,,,0,30,,5747,,,0,70,,5745,,,0,30,,5748,,,0,70,,5744,,,0,30,,5749,,,0,73,,5743,,,0,70,,5742,,,0,30,,5741,,,0,70,,5740,,,0,30,,5739,,,0,70,,5738,,,0,30,,5737,,,0,70,,5736,,,0,30,,5735,,,0,70,,5734,,,0,30,,5733,,,0,70,,5732,,,0,30,,5731,,,0,70,,5730,,,0,30,,5729,,,0,70,,5728,,,0,30,,5727,,,0,29,,5726,,,0,70,,5725,,,0,30,,5750,,,0,70,,5724,,,0,30,,5751,,,0,70,,5723,,,0,30,,5722,,,0,69,,5721,,,0,30,,5720,,,0,70,,5719,,,0,30,,5718,,,0,80,,5717,,,0
555800,'1_merged_2137307',528,,5973,,,0,20,,5972,,,0,60,,5971,,,0,21,,5970,,,0,12,,5969,,,0,14,,5968,,,0,52,,5967,,,0,12,,5966,,,0,12,,5965,,,0,12,,5964,,,0,12,,5963,,,0,52,,5962,,,0,12,,5961,,,0,12,,5960,,,0,11,,5959,,,0,12,,5958,,,0,55,,5957,,,0,15,,5956,,,0,15,,5955,,,0,15,,5954,,,0,55,,5953,,,0,15,,5952,,,0,15,,5951,,,0,15,,5950,,,0,55,,5949,,,0,15,,5948,,,0,15,,5947,,,0,15,,5946,,,0,55,,5945,,,0,15,,5944,,,0,15,,5943,,,0,15,,5942,,,0,55,,5941,,,0,15,,5940,,,0,15,,5939,,,0,17,,5938,,,0,55,,5937,,,0,15,,5936,,,0,12,,5935,,,0,12,,5934,,,0,52,,5933,,,0,12,,5932,,,0,12,,5931,,,0,12,,5930,,,0,12,,5929,,,0,52,,5928,,,0,12,,5927,,,0,12,,5926,,,0,12,,5925,,,0,12,,5924,,,0,52,,5923,,,0,12,,5922,,,0,12,,5921,,,0,12,,5920,,,0,12,,5919,,,0,52,,5918,,,0,11,,5917,,,0,12,,5916,,,0,15,,5915,,,0,15,,5914,,,0,55,,5913,,,0,15,,5912,,,0,15,,5911,,,0,14,,5910,,,0,55,,5909,,,0,20,,5908,,,0,20,,5907,,,0,60,,5906,,,0,30,,5905,,,0,69,,5904,,,0,30,,5903,,,0,70,,5902,,,0,30,,5901,,,0,70,,5900,,,0,30,,5899,,,0,90,,5898,,,0
555800,'2_merged_2137309',542,,6012,,,0,71,,6011,,,0,30,,6010,,,0,70,,6009,,,0,30,,6008,,,0,70,,6007,,,0,25,,6006,,,0,20,,6005,,,0,60,,6004,,,0,20,,6003,,,0,20,,6002,,,0,60,,6001,,,0,20,,6000,,,0,20,,5999,,,0,60,,5998,,,0,20,,5997,,,0,20,,5996,,,0,61,,5995,,,0,20,,5994,,,0,20,,5993,,,0,60,,5992,,,0,20,,5991,,,0,20,,5990,,,0,60,,5989,,,0,20,,5988,,,0,20,,5987,,,0,60,,5986,,,0,20,,5985,,,0,20,,5984,,,0,60,,5983,,,0,20,,5982,,,0,20,,5981,,,0,60,,5980,,,0,20,,5979,,,0,70,,5978,,,0,30,,5977,,,0,70,,5976,,,0,30,,5975,,,0,70,,6021,,,0,30,,6020,,,0,69,,6019,,,0,30,,6018,,,0,70,,6017,,,0,30,,6016,,,0,70,,6015,,,0,30,,6014,,,0,70,,5974,,,0,30,,6013,,,0
555800,'3_merged_2137308',608,,6025,,,0,30,,6058,,,0,70,,6057,,,0,30,,6056,,,0,70,,6055,,,0,30,,6054,,,0,71,,6053,,,0,30,,6052,,,0,70,,6051,,,0,31,,6050,,,0,70,,6049,,,0,30,,6048,,,0,70,,6047,,,0,30,,6046,,,0,70,,6045,,,0,30,,6044,,,0,70,,6043,,,0,30,,6042,,,0,70,,6041,,,0,30,,6040,,,0,70,,6039,,,0,30,,6038,,,0,70,,6037,,,0,30,,6036,,,0,70,,6035,,,0,30,,6028,,,0,70,,6034,,,0,30,,6027,,,0,70,,6033,,,0,30,,6026,,,0,68,,6032,,,0,30,,6024,,,0,70,,6031,,,0,30,,6023,,,0,70,,6030,,,0,30,,6022,,,0,70,,6029,,,0
