563900,355415,1,0,0
563900,1790,2,0,0
563900,355762,3,0,0
563900,355427,4,0,0
563900,355428,5,0,0
563900,355429,6,0,0
563900,356011,7,0,0
563900,1093,8,0,0
563900,1069,9,0,0
563900,1125,10,0,0
563900,355505,11,0,0
563900,1066,12,0,0
563900,1111,13,0,0
563900,1127,14,0,0
563900,1108,15,0,0
563900,1051,16,0,0
563900,1060,17,0,0
563900,1109,18,0,0
563900,1045,19,0,0
563900,355811,20,0,0
563900,1087,21,0,0
563900,1073,22,0,0
563900,1056,23,0,0
563900,1050,24,0,0
563900,1105,25,0,0
563900,356102,26,0,0
563900,1044,27,0,0
563900,1071,28,0,0
563900,1103,29,0,0
563900,1081,30,0,0
563900,1077,31,0,0
563900,356117,32,0,0
563900,1067,33,0,0
563900,1113,34,0,0
563900,1116,35,0,0
563900,2208,36,0,0
563900,356094,37,0,0
563900,2203,38,0,0
563900,2207,39,0,0
563900,2205,40,0,0
563900,3197,41,0,0
563900,356217,42,0,0
563900,1115,43,0,0
563900,1095,44,0,0
563900,1083,45,0,0
563900,1058,46,0,0
563900,1102,47,0,0
563900,1041,48,0,0
563900,1085,49,0,0
563900,1053,50,0,0
563900,1117,51,0,0
563900,1042,52,0,0
563900,356055,53,1,1
563901,356055,1,0,0
563901,355288,2,0,0
563901,1055,3,0,0
563901,1054,4,0,0
563901,1086,5,0,0
563901,1040,6,0,0
563901,1063,7,0,0
563901,1059,8,0,0
563901,356218,9,0,0
563901,1084,10,0,0
563901,1096,11,0,0
563901,356288,12,0,0
563901,3196,13,0,0
563901,2209,14,0,0
563901,2206,15,0,0
563901,2204,16,0,0
563901,2210,17,0,0
563901,1101,18,0,0
563901,1043,19,0,0
563901,1120,20,0,0
563901,1114,21,0,0
563901,355413,22,0,0
563901,1062,23,0,0
563901,1078,24,0,0
563901,1082,25,0,0
563901,1104,26,0,0
563901,1072,27,0,0
563901,1070,28,0,0
563901,1099,29,0,0
563901,1106,30,0,0
563901,1089,31,0,0
563901,1057,32,0,0
563901,1074,33,0,0
563901,1088,34,0,0
563901,1091,35,0,0
563901,1046,36,0,0
563901,1110,37,0,0
563901,1064,38,0,0
563901,1052,39,0,0
563901,1094,40,0,0
563901,1107,41,0,0
563901,1126,42,0,0
563901,1112,43,0,0
563901,1065,44,0,0
563901,1118,45,0,0
563901,1124,46,0,0
563901,1068,47,0,0
563901,1092,48,0,0
563901,1079,49,0,0
563901,1737,50,0,0
563901,1736,51,0,0
563901,1744,52,0,0
563901,356219,53,0,0
563901,1771,54,0,0
563901,355415,55,1,1
564000,355432,1,0,0
564000,1790,2,0,0
564000,355762,3,0,0
564000,355427,4,0,0
564000,3128,5,0,0
564000,3129,6,0,0
564000,3139,7,0,0
564000,3138,8,0,0
564000,3130,9,0,0
564000,3136,10,0,0
564000,3140,11,0,0
564000,3133,12,0,0
564000,3137,13,0,0
564000,3131,14,0,0
564000,3135,15,0,0
564000,2641,16,0,0
564000,1247,17,0,0
564000,1267,18,0,0
564000,356100,19,0,0
564000,1261,20,0,0
564000,1254,21,0,0
564000,1249,22,0,0
564000,355831,23,0,0
564000,1269,24,0,0
564000,1256,25,0,0
564000,1259,26,0,0
564000,1271,27,0,0
564000,1265,28,0,0
564000,1252,29,0,0
564000,1193,30,0,0
564000,1190,31,0,0
564000,1192,32,0,0
564000,355690,33,0,0
564000,2572,34,0,0
564000,2567,35,0,0
564000,2563,36,0,0
564000,2569,37,0,0
564000,2561,38,0,0
564000,2565,39,0,0
564000,1182,40,0,0
564000,2543,41,1,1
564001,2543,1,0,0
564001,2544,2,0,0
564001,2562,3,0,0
564001,2570,4,0,0
564001,2566,5,0,0
564001,2573,6,0,0
564001,2571,7,0,0
564001,2728,8,0,0
564001,1191,9,0,0
564001,356053,10,0,0
564001,1253,11,0,0
564001,1266,12,0,0
564001,1272,13,0,0
564001,1260,14,0,0
564001,1257,15,0,0
564001,355830,16,0,0
564001,1273,17,0,0
564001,1250,18,0,0
564001,1255,19,0,0
564001,1262,20,0,0
564001,356099,21,0,0
564001,1268,22,0,0
564001,1248,23,0,0
564001,1275,24,0,0
564001,1263,25,0,0
564001,1251,26,0,0
564001,1274,27,0,0
564001,1278,28,0,0
564001,1276,29,0,0
564001,1258,30,0,0
564001,1277,31,0,0
564001,355437,32,0,0
564001,355438,33,0,0
564001,355439,34,0,0
564001,355440,35,0,0
564001,1736,36,0,0
564001,1744,37,0,0
564001,356219,38,0,0
564001,1771,39,0,0
564001,355432,40,1,1
564100,1768,1,0,0
564100,1758,2,0,0
564100,1711,3,0,0
564100,1712,4,0,0
564100,1707,5,0,0
564100,1147,6,0,0
564100,355565,7,0,0
564100,3218,8,0,0
564100,355727,9,0,0
564100,355309,10,0,0
564100,356227,11,0,0
564100,1740,12,0,0
564100,1746,13,0,0
564100,1742,14,0,0
564100,1748,15,0,0
564100,1735,16,0,0
564100,1214,17,0,0
564100,356274,18,0,0
564100,1207,19,0,0
564100,1232,20,0,0
564100,3083,21,0,0
564100,1478,22,0,0
564100,3078,23,0,0
564100,1231,24,0,0
564100,1239,25,0,0
564100,1235,26,0,0
564100,1211,27,0,0
564100,1218,28,0,0
564100,1202,29,0,0
564100,1225,30,0,0
564100,1215,31,0,0
564100,1237,32,0,0
564100,1204,33,0,0
564100,1498,34,0,0
564100,1494,35,0,0
564100,1496,36,0,0
564100,1175,37,0,0
564100,1180,38,0,0
564100,1376,39,0,0
564100,1373,40,0,0
564100,1223,41,0,0
564100,1220,42,0,0
564100,1196,43,0,0
564100,1197,44,0,0
564100,1226,45,0,0
564100,1209,46,0,0
564100,355945,47,0,0
564100,1228,48,0,0
564100,355291,49,0,0
564100,1200,50,0,0
564100,1221,51,0,0
564100,1562,52,0,0
564100,1556,53,0,0
564100,1560,54,0,0
564100,1558,55,0,0
564100,1564,56,0,0
564100,356162,57,0,0
564100,3198,58,0,0
564100,355284,59,0,0
564100,3192,60,0,0
564100,356217,61,0,0
564100,1115,62,0,0
564100,1095,63,0,0
564100,2321,64,0,0
564100,2320,65,0,0
564100,2322,66,0,0
564100,2331,67,0,0
564100,2327,68,0,0
564100,2317,69,0,0
564100,2332,70,0,0
564100,2329,71,0,0
564100,1893,72,0,0
564100,2534,73,0,0
564100,2536,74,0,0
564100,2529,75,0,0
564100,2527,76,0,0
564100,2537,77,0,0
564100,2540,78,0,0
564100,2531,79,0,0
564100,1632,80,0,0
564100,1628,81,0,0
564100,1631,82,0,0
564100,2307,83,0,0
564100,2301,84,0,0
564100,2299,85,0,0
564100,2309,86,1,1
564101,2309,1,0,0
564101,2300,2,0,0
564101,2302,3,0,0
564101,2308,4,0,0
564101,1630,5,0,0
564101,1627,6,0,0
564101,1638,7,0,0
564101,1625,8,0,0
564101,2530,9,0,0
564101,2539,10,0,0
564101,2538,11,0,0
564101,2526,12,0,0
564101,2528,13,0,0
564101,2535,14,0,0
564101,2533,15,0,0
564101,2330,16,0,0
564101,355258,17,0,0
564101,2318,18,0,0
564101,2326,19,0,0
564101,2328,20,0,0
564101,2325,21,0,0
564101,2323,22,0,0
564101,2319,23,0,0
564101,2324,24,0,0
564101,2315,25,0,0
564101,1096,26,0,0
564101,356288,27,0,0
564101,3200,28,0,0
564101,355280,29,0,0
564101,3199,30,0,0
564101,3194,31,0,0
564101,1559,32,0,0
564101,1561,33,0,0
564101,1557,34,0,0
564101,1563,35,0,0
564101,1222,36,0,0
564101,1201,37,0,0
564101,1199,38,0,0
564101,1229,39,0,0
564101,1212,40,0,0
564101,1208,41,0,0
564101,1227,42,0,0
564101,356057,43,0,0
564101,1719,44,0,0
564101,1721,45,0,0
564101,1377,46,0,0
564101,1374,47,0,0
564101,1375,48,0,0
564101,1372,49,0,0
564101,1176,50,0,0
564101,1497,51,0,0
564101,1495,52,0,0
564101,1500,53,0,0
564101,1720,54,0,0
564101,1236,55,0,0
564101,1224,56,0,0
564101,1203,57,0,0
564101,1219,58,0,0
564101,1210,59,0,0
564101,1234,60,0,0
564101,1238,61,0,0
564101,1230,62,0,0
564101,3080,63,0,0
564101,3083,64,0,0
564101,1478,65,0,0
564101,3078,66,0,0
564101,1233,67,0,0
564101,356085,68,0,0
564101,1216,69,0,0
564101,1213,70,0,0
564101,1749,71,0,0
564101,1743,72,0,0
564101,1747,73,0,0
564101,1741,74,0,0
564101,1737,75,0,0
564101,1736,76,0,0
564101,1744,77,0,0
564101,1768,78,1,1
564200,1866,1,0,0
564200,1879,2,0,0
564200,1880,3,0,0
564200,1867,4,0,0
564200,1872,5,0,0
564200,1888,6,0,0
564200,1877,7,0,0
564200,1874,8,0,0
564200,1884,9,0,0
564200,1890,10,0,0
564200,1885,11,0,0
564200,1881,12,0,0
564200,1891,13,0,0
564200,1869,14,0,0
564200,356271,15,0,0
564200,355942,16,0,0
564200,1931,17,0,0
564200,2653,18,0,0
564200,2652,19,0,0
564200,1927,20,0,0
564200,1893,21,0,0
564200,2309,22,0,0
564200,2300,23,0,0
564200,2302,24,0,0
564200,2308,25,0,0
564200,1630,26,0,0
564200,1627,27,0,0
564200,1638,28,0,0
564200,1625,29,0,0
564200,2530,30,0,0
564200,2539,31,0,0
564200,2538,32,0,0
564200,2526,33,0,0
564200,2528,34,0,0
564200,2535,35,0,0
564200,1937,36,0,0
564200,1908,37,0,0
564200,1934,38,0,0
564200,1926,39,0,0
564200,355297,40,0,0
564200,1932,41,0,0
564200,1912,42,0,0
564200,1948,43,0,0
564200,1626,44,0,0
564200,1321,45,0,0
564200,1325,46,0,0
564200,1322,47,0,0
564200,1324,48,0,0
564200,1323,49,0,0
564200,1900,50,0,0
564200,1939,51,0,0
564200,1941,52,0,0
564200,1897,53,0,0
564200,1919,54,0,0
564200,1952,55,0,0
564200,2445,56,0,0
564200,1803,57,0,0
564200,1806,58,0,0
564200,1801,59,0,0
564200,2007,60,0,0
564200,2008,61,0,0
564200,2003,62,0,0
564200,2001,63,0,0
564200,1504,64,0,0
564200,1502,65,0,0
564200,2172,66,0,0
564200,2168,67,0,0
564200,2174,68,0,0
564200,2176,69,0,0
564200,2170,70,0,0
564200,2175,71,0,0
564200,1365,72,0,0
564200,1363,73,0,0
564200,1368,74,0,0
564200,1370,75,0,0
564200,2669,76,0,0
564200,2667,77,0,0
564200,2665,78,0,0
564200,2670,79,0,0
564200,2672,80,0,0
564200,1705,81,0,0
564200,1706,82,0,0
564200,1704,83,0,0
564200,1790,84,0,0
564200,1916,85,0,0
564200,356209,86,0,0
564200,1917,87,0,0
564200,1964,88,0,0
564200,1955,89,0,0
564200,1960,90,0,0
564200,356108,91,0,0
564200,1976,92,0,0
564200,1979,93,0,0
564200,1962,94,0,0
564200,1969,95,0,0
564200,2371,96,0,0
564200,2147,97,0,0
564200,2155,98,0,0
564200,2153,99,0,0
564200,2141,100,0,0
564200,2133,101,0,0
564200,2126,102,0,0
564200,2138,103,0,0
564200,2154,104,0,0
564200,2143,105,0,0
564200,355954,106,0,0
564200,2164,107,0,0
564200,2163,108,0,0
564200,355969,109,0,0
564200,2352,110,0,0
564200,355970,111,0,0
564200,2646,112,0,0
564200,2644,113,0,0
564200,2343,114,0,0
564200,2339,115,0,0
564200,1603,116,0,0
564200,1381,117,0,0
564200,1385,118,0,0
564200,1383,119,0,0
564200,1359,120,0,0
564200,1360,121,0,0
564200,1843,122,0,0
564200,1839,123,0,0
564200,1852,124,0,0
564200,1844,125,0,0
564200,1845,126,0,0
564200,1854,127,0,0
564200,1855,128,0,0
564200,1851,129,0,0
564200,3087,130,0,0
564200,3086,131,0,0
564200,3088,132,0,0
564200,2212,133,0,0
564200,1644,134,0,0
564200,1645,135,1,1
564200,1608,136,0,0
564200,1593,137,0,0
564200,1596,138,0,0
564200,356039,139,0,0
564200,1595,140,0,0
564200,1606,141,0,0
564200,1598,142,0,0
564200,356037,143,1,1
564200,1967,144,0,0
564200,1959,145,0,0
564200,1972,146,0,0
564200,1978,147,0,0
564200,2660,148,0,0
564200,2655,149,0,0
564200,356184,150,0,0
564200,2663,151,0,0
564200,2186,152,0,0
564200,2189,153,0,0
564200,355742,154,0,0
564200,1416,155,0,0
564200,1412,156,0,0
564200,355743,157,0,0
564200,3120,158,0,0
564200,3127,159,0,0
564200,3118,160,0,0
564200,3122,161,0,0
564200,3125,162,0,0
564200,3123,163,0,0
564200,2166,164,0,0
564200,2115,165,0,0
564200,2118,166,0,0
564200,2120,167,0,0
564200,3145,168,0,0
564200,3180,169,0,0
564200,3165,170,0,0
564200,3170,171,0,0
564200,2560,172,0,0
564200,2557,173,0,0
564200,2276,174,0,0
564200,2193,175,0,0
564200,2191,176,0,0
564200,1576,177,0,0
564200,1568,178,0,0
564200,1574,179,0,0
564200,1570,180,0,0
564200,2338,181,0,0
564200,2180,182,0,0
564200,2184,183,1,1
564201,356037,1,0,0
564201,2432,2,0,0
564201,2430,3,0,0
564201,1361,4,0,0
564201,1605,5,0,0
564201,1594,6,0,0
564201,355972,7,0,0
564201,356040,8,0,0
564201,1597,9,0,0
564201,1592,10,0,0
564201,1607,11,0,0
564201,1645,12,0,0
564201,2213,13,0,0
564201,1643,14,0,0
564201,1185,15,0,0
564201,1856,16,0,0
564201,1850,17,0,0
564201,1847,18,0,0
564201,1846,19,0,0
564201,1848,20,0,0
564201,1849,21,0,0
564201,1840,22,0,0
564201,1842,23,0,0
564201,1841,24,0,0
564201,1358,25,0,0
564201,1382,26,0,0
564201,1384,27,0,0
564201,355943,28,0,0
564201,2340,29,0,0
564201,2342,30,0,0
564201,2643,31,0,0
564201,356268,32,0,0
564201,355971,33,0,0
564201,2130,34,0,0
564201,2139,35,0,0
564201,2123,36,0,0
564201,2144,37,0,0
564201,2162,38,0,0
564201,2145,39,0,0
564201,2137,40,0,0
564201,2125,41,0,0
564201,2132,42,0,0
564201,2140,43,0,0
564201,2134,44,0,0
564201,2124,45,0,0
564201,2184,46,0,0
564201,1569,47,0,0
564201,1567,48,0,0
564201,1575,49,0,0
564201,1573,50,0,0
564201,2194,51,0,0
564201,2192,52,0,0
564201,2558,53,0,0
564201,3173,54,0,0
564201,3169,55,0,0
564201,3166,56,0,0
564201,355765,57,0,0
564201,356208,58,0,0
564201,2119,59,0,0
564201,2117,60,0,0
564201,2116,61,0,0
564201,2165,62,0,0
564201,3113,63,0,0
564201,3124,64,0,0
564201,3121,65,0,0
564201,3117,66,0,0
564201,3126,67,0,0
564201,3114,68,0,0
564201,3119,69,0,0
564201,3115,70,0,0
564201,1413,71,0,0
564201,1417,72,0,0
564201,1415,73,0,0
564201,1411,74,0,0
564201,2190,75,0,0
564201,2185,76,0,0
564201,2661,77,0,0
564201,2658,78,0,0
564201,2654,79,0,0
564201,2659,80,0,0
564201,1973,81,0,0
564201,1971,82,0,0
564201,2041,83,0,0
564201,2045,84,0,0
564201,2146,85,0,0
564201,2148,86,0,0
564201,2136,87,0,0
564201,356275,88,0,0
564201,2156,89,0,0
564201,2159,90,0,0
564201,2127,91,0,0
564201,2121,92,0,0
564201,2151,93,0,0
564201,2088,94,0,0
564201,2093,95,0,0
564201,356262,96,0,0
564201,2112,97,0,0
564201,3089,98,0,0
564201,2671,99,0,0
564201,2666,100,0,0
564201,2668,101,0,0
564201,2673,102,0,0
564201,1366,103,0,0
564201,356013,104,0,0
564201,1364,105,0,0
564201,1369,106,0,0
564201,2169,107,0,0
564201,2177,108,0,0
564201,2173,109,0,0
564201,2167,110,0,0
564201,356154,111,0,0
564201,1501,112,0,0
564201,1503,113,0,0
564201,2002,114,0,0
564201,2006,115,0,0
564201,2005,116,0,0
564201,2556,117,0,0
564201,1800,118,0,0
564201,1805,119,0,0
564201,1802,120,0,0
564201,1804,121,0,0
564201,1953,122,0,0
564201,1921,123,0,0
564201,1920,124,0,0
564201,356098,125,0,0
564201,1940,126,0,0
564201,2554,127,0,0
564201,2552,128,0,0
564201,2555,129,0,0
564201,2551,130,0,0
564201,2550,131,0,0
564201,2553,132,0,0
564201,355567,133,0,0
564201,1626,134,1,1
564201,1954,135,0,0
564201,1901,136,0,0
564201,1949,137,0,0
564201,1923,138,0,0
564201,1933,139,0,0
564201,355298,140,0,0
564201,1925,141,0,0
564201,1935,142,0,0
564201,1909,143,0,0
564201,1938,144,0,0
564201,1928,145,0,0
564201,2653,146,0,0
564201,2652,147,0,0
564201,1910,148,0,0
564201,1629,149,0,0
564201,1636,150,0,0
564201,1637,151,0,0
564201,1635,152,0,0
564201,1634,153,0,0
564201,1624,154,0,0
564201,355973,155,0,0
564201,1632,156,0,0
564201,1628,157,0,0
564201,1631,158,0,0
564201,2307,159,0,0
564201,2301,160,0,0
564201,2299,161,0,0
564201,2309,162,1,1
564201,1899,163,0,0
564201,1876,164,0,0
564201,1870,165,0,0
564201,1892,166,0,0
564201,1882,167,0,0
564201,1886,168,0,0
564201,1887,169,1,0
564201,1883,170,0,0
564201,1871,171,0,0
564201,1878,172,0,0
564201,1889,173,0,0
564201,1873,174,0,0
564201,1868,175,0,0
564201,1621,176,0,0
564201,1620,177,0,0
564201,1685,178,0,0
564201,1866,179,1,1
564300,1739,1,0,0
564300,1771,2,0,0
564300,1751,3,0,0
564300,356210,4,0,0
564300,1380,5,0,0
564300,2400,6,0,0
564300,1300,7,0,0
564300,1301,8,0,0
564300,1303,9,0,0
564300,2452,10,0,0
564300,2454,11,0,0
564300,1006,12,0,0
564300,1008,13,0,0
564300,1003,14,0,0
564300,1004,15,0,0
564300,1011,16,0,0
564300,1014,17,0,0
564300,1009,18,0,0
564300,355939,19,0,0
564300,2044,20,0,0
564300,2046,21,0,0
564300,2042,22,0,0
564300,2035,23,0,0
564300,2037,24,0,0
564300,2036,25,0,0
564300,2038,26,1,1
564301,2038,1,0,0
564301,2049,2,0,0
564301,2047,3,0,0
564301,355941,4,0,0
564301,355262,5,0,0
564301,2041,6,0,0
564301,2045,7,0,0
564301,355940,8,0,0
564301,1010,9,0,0
564301,1013,10,0,0
564301,1001,11,0,0
564301,1005,12,0,0
564301,1002,13,0,0
564301,1015,14,0,0
564301,1007,15,0,0
564301,1012,16,0,0
564301,1651,17,0,0
564301,1654,18,0,0
564301,1649,19,0,0
564301,1648,20,0,0
564301,1650,21,0,0
564301,2062,22,0,0
564301,2065,23,0,0
564301,2063,24,0,0
564301,2061,25,0,0
564301,1184,26,0,0
564301,1037,27,0,0
564301,355925,28,0,0
564301,1790,29,0,0
564301,355762,30,0,0
564301,2541,31,0,0
564301,1739,32,1,1
564400,1739,1,0,0
564400,1758,2,0,0
564400,1711,3,0,0
564400,1712,4,0,0
564400,1707,5,0,0
564400,1709,6,0,0
564400,1714,7,0,0
564400,1713,8,0,0
564400,1710,9,0,0
564400,2034,10,0,0
564400,2032,11,0,0
564400,1299,12,0,0
564400,1302,13,0,0
564400,355720,14,0,0
564400,1390,15,0,0
564400,1392,16,0,0
564400,1394,17,0,0
564400,1395,18,1,1
564401,1395,1,0,0
564401,1393,2,0,0
564401,1396,3,0,0
564401,1389,4,0,0
564401,1397,5,0,0
564401,355760,6,0,0
564401,1304,7,0,0
564401,1306,8,0,0
564401,355734,9,0,0
564401,2033,10,0,0
564401,2156,11,0,0
564401,2159,12,0,0
564401,2127,13,0,0
564401,1147,14,0,0
564401,355565,15,0,0
564401,3218,16,0,0
564401,355727,17,0,0
564401,1739,18,0,0
564401,1768,19,1,1
564500,1768,1,0,0
564500,1758,2,0,0
564500,1711,3,0,0
564500,1712,4,0,0
564500,1707,5,0,0
564500,1147,6,0,0
564500,355565,7,0,0
564500,1149,8,0,0
564500,1264,9,0,0
564500,356296,10,0,0
564500,356294,11,0,0
564500,3215,12,0,0
564500,1387,13,0,0
564500,1388,14,0,0
564500,2726,15,1,1
564501,2726,1,0,0
564501,2724,2,0,0
564501,356362,3,0,0
564501,356360,4,0,0
564501,356361,5,0,0
564501,356160,6,0,0
564501,3214,7,0,0
564501,3203,8,0,0
564501,3218,9,0,0
564501,355727,10,0,0
564501,1739,11,1,1
564600,1768,1,0,0
564600,1758,2,0,0
564600,1711,3,0,0
564600,1712,4,0,0
564600,1707,5,0,0
564600,1147,6,0,0
564600,355565,7,0,0
564600,1149,8,0,0
564600,1264,9,0,0
564600,356296,10,0,0
564600,356294,11,0,0
564600,3215,12,0,0
564600,356297,13,0,0
564600,356298,14,0,0
564600,356295,15,0,0
564600,3207,16,0,0
564600,3224,17,0,0
564600,3202,18,0,0
564600,2436,19,0,0
564600,2434,20,0,0
564600,1188,21,0,0
564600,2648,22,0,0
564600,3189,23,0,0
564600,1695,24,0,0
564600,1694,25,1,1
564601,1694,1,0,0
564601,2433,2,0,0
564601,2647,3,0,0
564601,2435,4,0,0
564601,2437,5,0,0
564601,2438,6,0,0
564601,3223,7,0,0
564601,3206,8,0,0
564601,3208,9,0,0
564601,356300,10,0,0
564601,3226,11,0,0
564601,356360,12,0,0
564601,356361,13,0,0
564601,356160,14,0,0
564601,3214,15,0,0
564601,3203,16,0,0
564601,3218,17,0,0
564601,355727,18,0,0
564601,1744,19,0,0
564601,1768,20,1,1
564800,1781,1,0,0
564800,1409,2,0,0
564800,1984,3,0,0
564800,1986,4,0,0
564800,1994,5,0,0
564800,1990,6,0,0
564800,1988,7,0,0
564800,356171,8,0,0
564800,1982,9,0,0
564800,1243,10,0,0
564800,1242,11,0,0
564800,1407,12,0,0
564800,355457,13,0,0
564800,1153,14,0,0
564800,1170,15,0,0
564800,1160,16,0,0
564800,1164,17,0,0
564800,1166,18,0,0
564800,1161,19,0,0
564800,356111,20,0,0
564800,1171,21,0,0
564800,355964,22,0,0
564800,355938,23,0,0
564800,1150,24,0,0
564800,1174,25,0,0
564800,3190,26,0,0
564800,1559,27,0,0
564800,1561,28,0,0
564800,1557,29,0,0
564800,1563,30,0,0
564800,2416,31,0,0
564800,2404,32,0,0
564800,2408,33,0,0
564800,2411,34,0,0
564800,2402,35,0,0
564800,2417,36,0,0
564800,2406,37,0,0
564800,2422,38,0,0
564800,2409,39,0,0
564800,2413,40,0,0
564800,2420,41,0,0
564800,2424,42,0,0
564800,2427,43,0,0
564800,2426,44,0,0
564800,355298,45,0,0
564800,2305,46,0,0
564800,2298,47,0,0
564800,2295,48,0,0
564800,2303,49,0,0
564800,356215,50,0,0
564800,2396,51,0,0
564800,356014,52,0,0
564800,2385,53,0,0
564800,2387,54,0,0
564800,2390,55,0,0
564800,356281,56,1,1
564801,356281,1,0,0
564801,356151,2,0,0
564801,356150,3,0,0
564801,2384,4,0,0
564801,356375,5,0,0
564801,2382,6,0,0
564801,2375,7,0,0
564801,2378,8,0,0
564801,2389,9,0,0
564801,3183,10,0,0
564801,3186,11,0,0
564801,3188,12,0,0
564801,2373,13,0,0
564801,2395,14,0,0
564801,355896,15,0,0
564801,355295,16,0,0
564801,2304,17,0,0
564801,2296,18,0,0
564801,2297,19,0,0
564801,2306,20,0,0
564801,355297,21,0,0
564801,1932,22,0,0
564801,2428,23,0,0
564801,2425,24,0,0
564801,2429,25,0,0
564801,2414,26,0,0
564801,2410,27,0,0
564801,2423,28,0,0
564801,2407,29,0,0
564801,2418,30,0,0
564801,356302,31,0,0
564801,2412,32,0,0
564801,2421,33,0,0
564801,2419,34,0,0
564801,2405,35,0,0
564801,2415,36,0,0
564801,1562,37,0,0
564801,1556,38,0,0
564801,1560,39,0,0
564801,1558,40,0,0
564801,1564,41,0,0
564801,3191,42,0,0
564801,1173,43,0,0
564801,1154,44,0,0
564801,1152,45,0,0
564801,1172,46,0,0
564801,1167,47,0,0
564801,1156,48,0,0
564801,1162,49,0,0
564801,1163,50,0,0
564801,1159,51,0,0
564801,1169,52,0,0
564801,1165,53,0,0
564801,1158,54,0,0
564801,1408,55,0,0
564801,1243,56,0,0
564801,1242,57,0,0
564801,356167,58,0,0
564801,1997,59,0,0
564801,356168,60,0,0
564801,1989,61,0,0
564801,1991,62,0,0
564801,355903,63,0,0
564801,1995,64,0,0
564801,1987,65,0,0
564801,1985,66,0,0
564801,1781,67,1,1
564900,355315,1,0,0
564900,355316,2,0,0
564900,355317,3,0,0
564900,355318,4,0,0
564900,355319,5,0,0
564900,3078,6,0,0
564900,1231,7,0,0
564900,1239,8,0,0
564900,1235,9,0,0
564900,356119,10,0,0
564900,355321,11,1,1
564901,355321,1,0,0
564901,355322,2,0,0
564901,355323,3,0,0
564901,355324,4,0,0
564901,355325,5,0,0
564901,355326,6,0,0
564901,355327,7,0,0
564901,2669,8,0,0
564901,2667,9,0,0
564901,2665,10,0,0
564901,2670,11,0,0
564901,355315,12,1,1
565000,355962,1,0,0
565000,1569,2,0,0
565000,1567,3,0,0
565000,1575,4,0,0
565000,1573,5,0,0
565000,2194,6,0,0
565000,2192,7,0,0
565000,2558,8,0,0
565000,3174,9,0,0
565000,3149,10,0,0
565000,3177,11,0,0
565000,3147,12,0,0
565000,3156,13,0,0
565000,3167,14,0,0
565000,3158,15,0,0
565000,3160,16,0,0
565000,3161,17,0,0
565000,3157,18,0,0
565000,3142,19,0,0
565000,3153,20,0,0
565000,1483,21,0,0
565000,1485,22,0,0
565000,1481,23,0,0
565000,1027,24,0,0
565000,355479,25,0,0
565000,1482,26,0,0
565000,1480,27,0,0
565000,1017,28,0,0
565000,1022,29,0,0
565000,1024,30,0,0
565000,1018,31,0,0
565000,1025,32,0,0
565000,3179,33,0,0
565000,3168,34,0,0
565000,2200,35,0,0
565000,2196,36,0,0
565000,2202,37,0,0
565000,2198,38,0,0
565000,1776,39,0,0
565000,1780,40,0,0
565000,1778,41,0,0
565000,2634,42,0,0
565000,2638,43,0,0
565000,2639,44,0,0
565000,355411,45,0,0
565000,2635,46,0,0
565000,1509,47,0,0
565000,355974,48,1,1
565001,355974,1,0,0
565001,356028,2,0,0
565001,355775,3,0,0
565001,3152,4,0,0
565001,356084,5,0,0
565001,2633,6,0,0
565001,2632,7,0,0
565001,1779,8,0,0
565001,1777,9,0,0
565001,2197,10,0,0
565001,2201,11,0,0
565001,2195,12,0,0
565001,2199,13,0,0
565001,3164,14,0,0
565001,3150,15,0,0
565001,3154,16,0,0
565001,3175,17,0,0
565001,3178,18,0,0
565001,3162,19,0,0
565001,1019,20,0,0
565001,1023,21,0,0
565001,1020,22,0,0
565001,1021,23,0,0
565001,1481,24,0,0
565001,1027,25,0,0
565001,355479,26,0,0
565001,1482,27,0,0
565001,1480,28,0,0
565001,1486,29,0,0
565001,1484,30,0,0
565001,1488,31,0,0
565001,3159,32,0,0
565001,356166,33,0,0
565001,3151,34,0,0
565001,356172,35,0,0
565001,3163,36,0,0
565001,3155,37,0,0
565001,3148,38,0,0
565001,3172,39,0,0
565001,2560,40,0,0
565001,2557,41,0,0
565001,2276,42,0,0
565001,2193,43,0,0
565001,2191,44,0,0
565001,1576,45,0,0
565001,1568,46,0,0
565001,1574,47,0,0
565001,1570,48,0,0
565001,2338,49,0,0
565001,2180,50,0,0
565001,355962,51,1,1
565100,356303,1,0,0
565100,356311,2,0,0
565100,356310,3,0,0
565100,355909,4,0,0
565100,356029,5,0,0
565100,356285,6,0,0
565100,355352,7,0,0
565100,355353,8,0,0
565100,355354,9,0,0
565100,355355,10,0,0
565100,355356,11,0,0
565100,356207,12,0,0
565100,355878,13,0,0
565100,355879,14,0,0
565100,355366,15,0,0
565100,355367,16,0,0
565100,355829,17,0,0
565100,355825,18,0,0
565100,355823,19,0,0
565100,355821,20,0,0
565100,356107,21,0,0
565100,356069,22,0,0
565100,356068,23,0,0
565100,356070,24,0,0
565100,355340,25,1,1
565101,355340,1,0,0
565101,356106,2,0,0
565101,355820,3,0,0
565101,355822,4,0,0
565101,355824,5,0,0
565101,355828,6,0,0
565101,355341,7,0,0
565101,355342,8,0,0
565101,355343,9,0,0
565101,356202,10,0,0
565101,356206,11,0,0
565101,355864,12,0,0
565101,355865,13,0,0
565101,355866,14,0,0
565101,355867,15,0,0
565101,356041,16,0,0
565101,356284,17,0,0
565101,356283,18,0,0
565101,356282,19,0,0
565101,355906,20,0,0
565101,356309,21,0,0
565101,356312,22,0,0
565101,356303,23,1,1
565200,356112,1,0,0
565200,356126,2,0,0
565200,356228,3,0,0
565200,1749,4,0,0
565200,1743,5,0,0
565200,1747,6,0,0
565200,1741,7,0,0
565200,1737,8,0,0
565200,1736,9,0,0
565200,1744,10,0,0
565200,355443,11,0,0
565200,1771,12,0,0
565200,1751,13,0,0
565200,356261,14,0,0
565200,3094,15,0,0
565200,3096,16,0,0
565200,355571,17,0,0
565200,355490,18,0,0
565200,2821,19,0,0
565200,2809,20,0,0
565200,2835,21,0,0
565200,2831,22,0,0
565200,2837,23,0,0
565200,355798,24,0,0
565200,356127,25,0,0
565200,356128,26,0,0
565200,355462,27,0,0
565200,356291,28,0,0
565200,355464,29,1,1
565201,355464,1,0,0
565201,356071,2,0,0
565201,356292,3,0,0
565201,355463,4,0,0
565201,356123,5,0,0
565201,356124,6,0,0
565201,355797,7,0,0
565201,355977,8,0,0
565201,2830,9,0,0
565201,2834,10,0,0
565201,2812,11,0,0
565201,2820,12,0,0
565201,355491,13,0,0
565201,355573,14,0,0
565201,3097,15,0,0
565201,3098,16,0,0
565201,3099,17,0,0
565201,356223,18,0,0
565201,356224,19,0,0
565201,356225,20,0,0
565201,356226,21,0,0
565201,356229,22,0,0
565201,355309,23,0,0
565201,356227,24,0,0
565201,1740,25,0,0
565201,1746,26,0,0
565201,1742,27,0,0
565201,1748,28,0,0
565201,1735,29,0,0
565201,355458,30,0,0
565201,356112,31,1,1
565300,356196,1,0,0
565300,1771,2,0,0
565300,1751,3,0,0
565300,356261,4,0,0
565300,3094,5,0,0
565300,3096,6,0,0
565300,355571,7,0,0
565300,1475,8,0,0
565300,1473,9,0,0
565300,1448,10,0,0
565300,1466,11,0,0
565300,1447,12,0,0
565300,1462,13,0,0
565300,1420,14,0,0
565300,1422,15,0,0
565300,1424,16,0,0
565300,1464,17,0,0
565300,1426,18,0,0
565300,1428,19,0,0
565300,1452,20,0,0
565300,1460,21,0,0
565300,1431,22,0,0
565300,1433,23,0,0
565300,1435,24,0,0
565300,1455,25,0,0
565300,1437,26,0,0
565300,1439,27,0,0
565300,1418,28,0,0
565300,1459,29,0,0
565300,1443,30,0,0
565300,1446,31,0,0
565300,1450,32,0,0
565300,1453,33,0,0
565300,2846,34,0,0
565300,2851,35,0,0
565300,2840,36,0,0
565300,2844,37,0,0
565300,2856,38,0,0
565300,2852,39,0,0
565300,2842,40,0,0
565300,2848,41,0,0
565300,2854,42,0,0
565300,2858,43,0,0
565300,2019,44,0,0
565300,356176,45,0,0
565300,355851,46,0,0
565300,356075,47,0,0
565300,355853,48,0,0
565300,2396,49,0,0
565300,356014,50,0,0
565300,3187,51,0,0
565300,355596,52,1,1
565301,355596,1,0,0
565301,2395,2,0,0
565301,355896,3,0,0
565301,355850,4,0,0
565301,355848,5,0,0
565301,356175,6,0,0
565301,2018,7,0,0
565301,2859,8,0,0
565301,2855,9,0,0
565301,2849,10,0,0
565301,2843,11,0,0
565301,2853,12,0,0
565301,2857,13,0,0
565301,2845,14,0,0
565301,2841,15,0,0
565301,2850,16,0,0
565301,2847,17,0,0
565301,1454,18,0,0
565301,1449,19,0,0
565301,1445,20,0,0
565301,1444,21,0,0
565301,1458,22,0,0
565301,1451,23,0,0
565301,1440,24,0,0
565301,1438,25,0,0
565301,1456,26,0,0
565301,1436,27,0,0
565301,1434,28,0,0
565301,1432,29,0,0
565301,1461,30,0,0
565301,1430,31,0,0
565301,1429,32,0,0
565301,1427,33,0,0
565301,1465,34,0,0
565301,1425,35,0,0
565301,1423,36,0,0
565301,1421,37,0,0
565301,1419,38,0,0
565301,1463,39,0,0
565301,1442,40,0,0
565301,1441,41,0,0
565301,1457,42,0,0
565301,1474,43,0,0
565301,355573,44,0,0
565301,3097,45,0,0
565301,3098,46,0,0
565301,3099,47,0,0
565301,2649,48,0,0
565301,355510,49,0,0
565301,355805,50,0,0
565301,355925,51,0,0
565301,1790,52,0,0
565301,356196,53,1,1
565400,356190,1,0,0
565400,1771,2,0,0
565400,1751,3,0,0
565400,356261,4,0,0
565400,2650,5,0,0
565400,1030,6,0,0
565400,2998,7,0,0
565400,3007,8,0,0
565400,2482,9,0,0
565400,2455,10,0,0
565400,356251,11,0,0
565400,2483,12,0,0
565400,2461,13,0,0
565400,2464,14,0,0
565400,2465,15,0,0
565400,2480,16,0,0
565400,2467,17,0,0
565400,2469,18,0,0
565400,2477,19,0,0
565400,2471,20,0,0
565400,2473,21,0,0
565400,2474,22,0,0
565400,2479,23,0,0
565400,2871,24,0,0
565400,2877,25,0,0
565400,2864,26,0,0
565400,2866,27,0,0
565400,2865,28,0,0
565400,2883,29,0,0
565400,2892,30,0,0
565400,2868,31,0,0
565400,356272,32,0,0
565400,356177,33,0,0
565400,2881,34,0,0
565400,2885,35,0,0
565400,2890,36,0,0
565400,2886,37,0,0
565400,2896,38,0,0
565400,2899,39,0,0
565400,2734,40,0,0
565400,1647,41,0,0
565400,1646,42,0,0
565400,2333,43,0,0
565400,2335,44,0,0
565400,2336,45,0,0
565400,355404,46,0,0
565400,355405,47,0,0
565400,356087,48,0,0
565400,356088,49,0,0
565400,356089,50,0,0
565400,356090,51,0,0
565400,356091,52,0,0
565400,355264,53,0,0
565400,355265,54,0,0
565400,355269,55,1,1
565401,355269,1,0,0
565401,2893,2,0,0
565401,2861,3,0,0
565401,2901,4,0,0
565401,2900,5,0,0
565401,2897,6,0,0
565401,2887,7,0,0
565401,2891,8,0,0
565401,2860,9,0,0
565401,2882,10,0,0
565401,2873,11,0,0
565401,2880,12,0,0
565401,2867,13,0,0
565401,2884,14,0,0
565401,2874,15,0,0
565401,2894,16,0,0
565401,2870,17,0,0
565401,2863,18,0,0
565401,2878,19,0,0
565401,2872,20,0,0
565401,355952,21,0,0
565401,2475,22,0,0
565401,2476,23,0,0
565401,2472,24,0,0
565401,356076,25,0,0
565401,2470,26,0,0
565401,2481,27,0,0
565401,2466,28,0,0
565401,2463,29,0,0
565401,2462,30,0,0
565401,2484,31,0,0
565401,356252,32,0,0
565401,2456,33,0,0
565401,3026,34,0,0
565401,355814,35,0,0
565401,2999,36,0,0
565401,1028,37,0,0
565401,355510,38,0,0
565401,355805,39,0,0
565401,355925,40,0,0
565401,1790,41,0,0
565401,356190,42,1,1
565500,356191,1,0,0
565500,1771,2,0,0
565500,1751,3,0,0
565500,356261,4,0,0
565500,2650,5,0,0
565500,1030,6,0,0
565500,1352,7,0,0
565500,1330,8,0,0
565500,1333,9,0,0
565500,1335,10,0,0
565500,1356,11,0,0
565500,1338,12,0,0
565500,1339,13,0,0
565500,1340,14,0,0
565500,1351,15,0,0
565500,355745,16,0,0
565500,1342,17,0,0
565500,1345,18,0,0
565500,1346,19,0,0
565500,355818,20,0,0
565500,2748,21,0,0
565500,2767,22,0,0
565500,2744,23,0,0
565500,2752,24,0,0
565500,2774,25,0,0
565500,2759,26,0,0
565500,2750,27,0,0
565500,2760,28,0,0
565500,2739,29,0,0
565500,2763,30,0,0
565500,2751,31,0,0
565500,2756,32,0,0
565500,2735,33,0,0
565500,2757,34,0,0
565500,2769,35,0,0
565500,356279,36,0,0
565500,2742,37,0,0
565500,2771,38,0,0
565500,2776,39,0,0
565500,2772,40,1,1
565501,2773,1,0,0
565501,2754,2,0,0
565501,2770,3,0,0
565501,2736,4,0,0
565501,2741,5,0,0
565501,2778,6,0,0
565501,2766,7,0,0
565501,2758,8,0,0
565501,2740,9,0,0
565501,2755,10,0,0
565501,2743,11,0,0
565501,2779,12,0,0
565501,2762,13,0,0
565501,2738,14,0,0
565501,2761,15,0,0
565501,2737,16,0,0
565501,2765,17,0,0
565501,2764,18,0,0
565501,2775,19,0,0
565501,2753,20,0,0
565501,2745,21,0,0
565501,2768,22,0,0
565501,356035,23,0,0
565501,2746,24,0,0
565501,1348,25,0,0
565501,1344,26,0,0
565501,1343,27,0,0
565501,1350,28,0,0
565501,1347,29,0,0
565501,1349,30,0,0
565501,1327,31,0,0
565501,1354,32,0,0
565501,1337,33,0,0
565501,1326,34,0,0
565501,1332,35,0,0
565501,1328,36,0,0
565501,1028,37,0,0
565501,355510,38,0,0
565501,355805,39,0,0
565501,355925,40,0,0
565501,1790,41,0,0
565501,356191,42,1,1
565600,356191,1,0,0
565600,1771,2,0,0
565600,1751,3,0,0
565600,356261,4,0,0
565600,2650,5,0,0
565600,1030,6,0,0
565600,1352,7,0,0
565600,1330,8,0,0
565600,1333,9,0,0
565600,1335,10,0,0
565600,1356,11,0,0
565600,1338,12,0,0
565600,1339,13,0,0
565600,1340,14,0,0
565600,1351,15,0,0
565600,2949,16,0,0
565600,2970,17,0,0
565600,2972,18,0,0
565600,2945,19,0,0
565600,2954,20,0,0
565600,2966,21,0,0
565600,2958,22,0,0
565600,2957,23,0,0
565600,2947,24,0,0
565600,2968,25,0,0
565600,2953,26,0,0
565600,2959,27,0,0
565600,2978,28,0,0
565600,2962,29,0,0
565600,2963,30,0,0
565600,2974,31,0,0
565600,2975,32,0,0
565600,2976,33,0,0
565600,2980,34,0,0
565600,2981,35,0,0
565600,2940,36,0,0
565600,2977,37,0,0
565600,2580,38,0,0
565600,355986,39,0,0
565600,2773,40,1,1
565601,2772,1,0,0
565601,2576,2,0,0
565601,2577,3,0,0
565601,2982,4,0,0
565601,356000,5,0,0
565601,2952,6,0,0
565601,2979,7,0,0
565601,2942,8,0,0
565601,2943,9,0,0
565601,2971,10,0,0
565601,2964,11,0,0
565601,2961,12,0,0
565601,2944,13,0,0
565601,2960,14,0,0
565601,2967,15,0,0
565601,2948,16,0,0
565601,2956,17,0,0
565601,2965,18,0,0
565601,2955,19,0,0
565601,2946,20,0,0
565601,2973,21,0,0
565601,2969,22,0,0
565601,2950,23,0,0
565601,1347,24,0,0
565601,1349,25,0,0
565601,1327,26,0,0
565601,1354,27,0,0
565601,1337,28,0,0
565601,1326,29,0,0
565601,1332,30,0,0
565601,1328,31,0,0
565601,1028,32,0,0
565601,355510,33,0,0
565601,355805,34,0,0
565601,355925,35,0,0
565601,1790,36,0,0
565601,356191,37,1,1
565700,356192,1,0,0
565700,1771,2,0,0
565700,1751,3,0,0
565700,356261,4,0,0
565700,2650,5,0,0
565700,1030,6,0,0
565700,1352,7,0,0
565700,1330,8,0,0
565700,1333,9,0,0
565700,1335,10,0,0
565700,1356,11,0,0
565700,3048,12,0,0
565700,3058,13,0,0
565700,3036,14,0,0
565700,3045,15,0,0
565700,3054,16,0,0
565700,3065,17,0,0
565700,3040,18,0,0
565700,3055,19,0,0
565700,3031,20,0,0
565700,3032,21,0,0
565700,2009,22,1,1
565701,2012,1,0,0
565701,3033,2,0,0
565701,3030,3,0,0
565701,3056,4,0,0
565701,3039,5,0,0
565701,3066,6,0,0
565701,3053,7,0,0
565701,3046,8,0,0
565701,3035,9,0,0
565701,3059,10,0,0
565701,3038,11,0,0
565701,3037,12,0,0
565701,1337,13,0,0
565701,1326,14,0,0
565701,1332,15,0,0
565701,1328,16,0,0
565701,1028,17,0,0
565701,355510,18,0,0
565701,355805,19,0,0
565701,355925,20,0,0
565701,1790,21,0,0
565701,356192,22,1,1
565800,356193,1,0,0
565800,1771,2,0,0
565800,1751,3,0,0
565800,356261,4,0,0
565800,2650,5,0,0
565800,1030,6,0,0
565800,2998,7,0,0
565800,3007,8,0,0
565800,3025,9,0,0
565800,2993,10,0,0
565800,3002,11,0,0
565800,3006,12,0,0
565800,3012,13,0,0
565800,3021,14,0,0
565800,3015,15,0,0
565800,3011,16,0,0
565800,3004,17,0,0
565800,2984,18,0,0
565800,2994,19,0,0
565800,3010,20,0,0
565800,3027,21,0,0
565800,2987,22,0,0
565800,3024,23,0,0
565800,3001,24,0,0
565800,3000,25,0,0
565800,2995,26,0,0
565800,3019,27,0,0
565800,355983,28,0,0
565800,355984,29,0,0
565800,3060,30,0,0
565800,3041,31,0,0
565800,3042,32,0,0
565800,3034,33,0,0
565800,3063,34,0,0
565800,3062,35,0,0
565800,2012,36,1,1
565801,2009,1,0,0
565801,3029,2,0,0
565801,3057,3,0,0
565801,3064,4,0,0
565801,3047,5,0,0
565801,3043,6,0,0
565801,3044,7,0,0
565801,3061,8,0,0
565801,355990,9,0,0
565801,355383,10,0,0
565801,2996,11,0,0
565801,2991,12,0,0
565801,2997,13,0,0
565801,3023,14,0,0
565801,356077,15,0,0
565801,3028,16,0,0
565801,3009,17,0,0
565801,3008,18,0,0
565801,2983,19,0,0
565801,2990,20,0,0
565801,3014,21,0,0
565801,3016,22,0,0
565801,356216,23,0,0
565801,3013,24,0,0
565801,3005,25,0,0
565801,3003,26,0,0
565801,2992,27,0,0
565801,3026,28,0,0
565801,355814,29,0,0
565801,2999,30,0,0
565801,1028,31,0,0
565801,355510,32,0,0
565801,355805,33,0,0
565801,355925,34,0,0
565801,1790,35,0,0
565801,356193,36,1,1
565900,356194,1,0,0
565900,1771,2,0,0
565900,1751,3,0,0
565900,356261,4,0,0
565900,2650,5,0,0
565900,1030,6,0,0
565900,2998,7,0,0
565900,3007,8,0,0
565900,1726,9,0,0
565900,1725,10,0,0
565900,1727,11,0,0
565900,356161,12,0,0
565900,2798,13,0,0
565900,2805,14,0,0
565900,355490,15,0,0
565900,2838,16,0,0
565900,2819,17,0,0
565900,2833,18,0,0
565900,2828,19,0,0
565900,2821,20,0,0
565900,2814,21,0,0
565900,2808,22,0,0
565900,2794,23,0,0
565900,2809,24,0,0
565900,2789,25,0,0
565900,2796,26,0,0
565900,2835,27,0,0
565900,2791,28,0,0
565900,2827,29,0,0
565900,2803,30,0,0
565900,2831,31,0,0
565900,2811,32,0,0
565900,2816,33,0,0
565900,2800,34,0,0
565900,2793,35,0,0
565900,2837,36,0,0
565900,356104,37,0,0
565900,356131,38,0,0
565900,356123,39,0,0
565900,356124,40,0,0
565900,355796,41,1,1
565901,355796,1,0,0
565901,355977,2,0,0
565901,355976,3,0,0
565901,2801,4,0,0
565901,2817,5,0,0
565901,2830,6,0,0
565901,2802,7,0,0
565901,2826,8,0,0
565901,2790,9,0,0
565901,2834,10,0,0
565901,2799,11,0,0
565901,2813,12,0,0
565901,2812,13,0,0
565901,2795,14,0,0
565901,2810,15,0,0
565901,2807,16,0,0
565901,2815,17,0,0
565901,2820,18,0,0
565901,2829,19,0,0
565901,2832,20,0,0
565901,2818,21,0,0
565901,2839,22,0,0
565901,2806,23,0,0
565901,2797,24,0,0
565901,2824,25,0,0
565901,1728,26,0,0
565901,1722,27,0,0
565901,1723,28,0,0
565901,1724,29,0,0
565901,355814,30,0,0
565901,2999,31,0,0
565901,1028,32,0,0
565901,355510,33,0,0
565901,355805,34,0,0
565901,355925,35,0,0
565901,1790,36,0,0
565901,356194,37,1,1
566000,356196,1,0,0
566000,1771,2,0,0
566000,1751,3,0,0
566000,356261,4,0,0
566000,3094,5,0,0
566000,3096,6,0,0
566000,355572,7,0,0
566000,1472,8,0,0
566000,1468,9,0,0
566000,1469,10,0,0
566000,1542,11,0,0
566000,1546,12,0,0
566000,1535,13,0,0
566000,1518,14,0,0
566000,1524,15,0,0
566000,1541,16,0,0
566000,2620,17,0,0
566000,2622,18,0,0
566000,2624,19,0,0
566000,2618,20,0,0
566000,356197,21,0,0
566000,2611,22,0,0
566000,1309,23,0,0
566000,1312,24,0,0
566000,1307,25,0,0
566000,355293,26,0,0
566000,2542,27,0,0
566000,2610,28,0,0
566000,356308,29,0,0
566000,1588,30,0,0
566000,1586,31,0,0
566000,2600,32,0,0
566000,2596,33,0,0
566000,2597,34,0,0
566000,2602,35,0,0
566000,2067,36,0,0
566000,2068,37,0,0
566000,2264,38,0,0
566000,2283,39,0,0
566000,2629,40,1,1
566001,2629,1,0,0
566001,2286,2,0,0
566001,2069,3,0,0
566001,2066,4,0,0
566001,2603,5,0,0
566001,2604,6,0,0
566001,2601,7,0,0
566001,2598,8,0,0
566001,2599,9,0,0
566001,1587,10,0,0
566001,1589,11,0,0
566001,356305,12,0,0
566001,356306,13,0,0
566001,356307,14,0,0
566001,356043,15,0,0
566001,356101,16,0,0
566001,355930,17,0,0
566001,1311,18,0,0
566001,2612,19,0,0
566001,2605,20,0,0
566001,2619,21,0,0
566001,2625,22,0,0
566001,2623,23,0,0
566001,2621,24,0,0
566001,2609,25,0,0
566001,1525,26,0,0
566001,1519,27,0,0
566001,1536,28,0,0
566001,1547,29,0,0
566001,1523,30,0,0
566001,1526,31,0,0
566001,1467,32,0,0
566001,1471,33,0,0
566001,1477,34,0,0
566001,355574,35,0,0
566001,3097,36,0,0
566001,3098,37,0,0
566001,3099,38,0,0
566001,2649,39,0,0
566001,355510,40,0,0
566001,355805,41,0,0
566001,355925,42,0,0
566001,1790,43,0,0
566001,356196,44,1,1
566100,2150,1,0,0
566100,1758,2,0,0
566100,1711,3,0,0
566100,1712,4,0,0
566100,1707,5,0,0
566100,1709,6,0,0
566100,1714,7,0,0
566100,2450,8,0,0
566100,2449,9,0,0
566100,2452,10,0,0
566100,2446,11,0,0
566100,1517,12,0,0
566100,1542,13,0,0
566100,1371,14,0,0
566100,2631,15,0,0
566100,2930,16,0,0
566100,2905,17,0,0
566100,2919,18,0,0
566100,2907,19,0,0
566100,2912,20,0,0
566100,2927,21,0,0
566100,2929,22,0,0
566100,2923,23,0,0
566100,2922,24,0,0
566100,2917,25,0,0
566100,2903,26,0,0
566100,2938,27,0,0
566100,2904,28,0,0
566100,2915,29,0,0
566100,2936,30,0,0
566100,2710,31,0,0
566100,2782,32,0,0
566100,2785,33,0,0
566100,2781,34,0,0
566100,2786,35,0,0
566100,2933,36,0,0
566100,2935,37,0,0
566100,2911,38,0,0
566100,2925,39,0,0
566100,355936,40,0,0
566100,356048,41,0,0
566100,1555,42,1,1
566101,1555,1,0,0
566101,1554,2,0,0
566101,2595,3,0,0
566101,2926,4,0,0
566101,2910,5,0,0
566101,2934,6,0,0
566101,2932,7,0,0
566101,2784,8,0,0
566101,2787,9,0,0
566101,2788,10,0,0
566101,2783,11,0,0
566101,2716,12,0,0
566101,2721,13,0,0
566101,2937,14,0,0
566101,2914,15,0,0
566101,2939,16,0,0
566101,2916,17,0,0
566101,2909,18,0,0
566101,2918,19,0,0
566101,2921,20,0,0
566101,2924,21,0,0
566101,2902,22,0,0
566101,2928,23,0,0
566101,2913,24,0,0
566101,2908,25,0,0
566101,2920,26,0,0
566101,2906,27,0,0
566101,2931,28,0,0
566101,2630,29,0,0
566101,1520,30,0,0
566101,1516,31,0,0
566101,2447,32,0,0
566101,1651,33,0,0
566101,1654,34,0,0
566101,1652,35,0,0
566101,1657,36,0,0
566101,1653,37,0,0
566101,1655,38,0,0
566101,2127,39,0,0
566101,2121,40,0,0
566101,2150,41,1,1
566200,356195,1,0,0
566200,1771,2,0,0
566200,1751,3,0,0
566200,356261,4,0,0
566200,3094,5,0,0
566200,3096,6,0,0
566200,355575,7,0,0
566200,3091,8,0,0
566200,3109,9,0,0
566200,3107,10,0,0
566200,3104,11,0,0
566200,3112,12,0,0
566200,3101,13,0,0
566200,3102,14,0,0
566200,2021,15,0,0
566200,2022,16,0,0
566200,2024,17,0,0
566200,2026,18,0,0
566200,2028,19,0,0
566200,2027,20,0,0
566200,1533,21,0,0
566200,1510,22,0,0
566200,1512,23,0,0
566200,1527,24,0,0
566200,1531,25,0,0
566200,1544,26,0,0
566200,1514,27,0,0
566200,1537,28,0,0
566200,1521,29,0,0
566200,1529,30,0,0
566200,3092,31,0,0
566200,1318,32,0,0
566200,1316,33,0,0
566200,1317,34,0,0
566200,1315,35,0,0
566200,2723,36,0,0
566200,2717,37,0,0
566200,2791,38,0,0
566200,2827,39,0,0
566200,2803,40,0,0
566200,2831,41,0,0
566200,2589,42,0,0
566200,2592,43,0,0
566200,2587,44,0,0
566200,2594,45,0,0
566200,2586,46,0,0
566200,355738,47,0,0
566200,355736,48,0,0
566200,355764,49,0,0
566200,356378,50,1,1
566201,356378,1,0,0
566201,355739,2,0,0
566201,355740,3,0,0
566201,1530,4,0,0
566201,356377,5,0,0
566201,1538,6,0,0
566201,1515,7,0,0
566201,1545,8,0,0
566201,1532,9,0,0
566201,1528,10,0,0
566201,1513,11,0,0
566201,1511,12,0,0
566201,1534,13,0,0
566201,355416,14,0,0
566201,2029,15,0,0
566201,2025,16,0,0
566201,2023,17,0,0
566201,2030,18,0,0
566201,2585,19,0,0
566201,2593,20,0,0
566201,2588,21,0,0
566201,355980,22,0,0
566201,2590,23,0,0
566201,2830,24,0,0
566201,2802,25,0,0
566201,2826,26,0,0
566201,2790,27,0,0
566201,2718,28,0,0
566201,2722,29,0,0
566201,2704,30,0,0
566201,1313,31,0,0
566201,355847,32,0,0
566201,1319,33,0,0
566201,3093,34,0,0
566201,3103,35,0,0
566201,3100,36,0,0
566201,3111,37,0,0
566201,3105,38,0,0
566201,3108,39,0,0
566201,3110,40,0,0
566201,356049,41,0,0
566201,355574,42,0,0
566201,3097,43,0,0
566201,3098,44,0,0
566201,3099,45,0,0
566201,2649,46,0,0
566201,355510,47,0,0
566201,355805,48,0,0
566201,355925,49,0,0
566201,1790,50,0,0
566201,356195,51,1,1
566400,2010,1,0,0
566400,3049,2,0,0
566400,3033,3,0,0
566400,3030,4,0,0
566400,2235,5,0,0
566400,2227,6,0,0
566400,2249,7,0,0
566400,2237,8,0,0
566400,2234,9,0,0
566400,2244,10,0,0
566400,2240,11,0,0
566400,2231,12,0,0
566400,2248,13,0,0
566400,2238,14,0,0
566400,2215,15,0,0
566400,2216,16,0,0
566400,2842,17,0,0
566400,2848,18,0,0
566400,2854,19,0,0
566400,2858,20,0,0
566400,2019,21,0,0
566400,356176,22,0,0
566400,355959,23,1,1
566401,355959,1,0,0
566401,356175,2,0,0
566401,2018,3,0,0
566401,2859,4,0,0
566401,2855,5,0,0
566401,2849,6,0,0
566401,2843,7,0,0
566401,355967,8,0,0
566401,2232,9,0,0
566401,2218,10,0,0
566401,2239,11,0,0
566401,355956,12,0,0
566401,2219,13,0,0
566401,2230,14,0,0
566401,2229,15,0,0
566401,2245,16,0,0
566401,2228,17,0,0
566401,2220,18,0,0
566401,2250,19,0,0
566401,2226,20,0,0
566401,2225,21,0,0
566401,2236,22,0,0
566401,355301,23,0,0
566401,3031,24,0,0
566401,3032,25,0,0
566401,2010,26,1,1
566500,355962,1,0,0
566500,1570,2,0,0
566500,1566,3,0,0
566500,1578,4,0,0
566500,2711,5,0,0
566500,355286,6,0,0
566500,2716,7,0,0
566500,2721,8,0,0
566500,2706,9,0,0
566500,2708,10,0,0
566500,356064,11,0,0
566500,355289,12,0,0
566500,356304,13,0,0
566500,2723,14,0,0
566500,2717,15,0,0
566500,2683,16,0,0
566500,3250,17,0,0
566500,2702,18,0,0
566500,2679,19,0,0
566500,3063,20,0,0
566500,3062,21,0,0
566500,356044,22,0,0
566500,3029,23,0,0
566500,3057,24,0,0
566500,2703,25,0,0
566500,2693,26,0,0
566500,2699,27,0,0
566500,2687,28,0,0
566500,2695,29,0,0
566500,2694,30,0,0
566500,2697,31,0,0
566500,2685,32,0,0
566500,2674,33,0,0
566500,2681,34,0,0
566500,2676,35,0,0
566500,2688,36,0,0
566500,355853,37,0,0
566500,2396,38,0,0
566500,356014,39,0,0
566500,3187,40,0,0
566500,3185,41,0,0
566500,3184,42,0,0
566500,2388,43,0,0
566500,2377,44,0,0
566500,2374,45,0,0
566500,2383,46,0,0
566500,356376,47,0,0
566500,2391,48,0,0
566500,2379,49,0,0
566500,2392,50,0,0
566500,2393,51,0,0
566500,2179,52,0,0
566500,2178,53,0,0
566500,1579,54,0,0
566500,1585,55,0,0
566500,1582,56,0,0
566500,1730,57,0,0
566500,1729,58,0,0
566500,355733,59,0,0
566500,1550,60,0,0
566500,1551,61,0,0
566500,1549,62,0,0
566500,1661,63,0,0
566500,1658,64,0,0
566500,1660,65,0,0
566500,1659,66,0,0
566500,1665,67,0,0
566500,355960,68,0,0
566500,1662,69,0,0
566500,355937,70,0,0
566500,1491,71,0,0
566500,1492,72,0,0
566500,1490,73,0,0
566500,356200,74,0,0
566500,356286,75,0,0
566500,356199,76,0,0
566500,356185,77,0,0
566500,356186,78,0,0
566500,356187,79,0,0
566500,356188,80,0,0
566500,356189,81,0,0
566500,1731,82,0,0
566500,1581,83,0,0
566500,1583,84,0,0
566500,1580,85,0,0
566500,1584,86,0,0
566500,356281,87,1,1
566501,356281,1,0,0
566501,356151,2,0,0
566501,356150,3,0,0
566501,2384,4,0,0
566501,356375,5,0,0
566501,2382,6,0,0
566501,2375,7,0,0
566501,2378,8,0,0
566501,2389,9,0,0
566501,3183,10,0,0
566501,3186,11,0,0
566501,3188,12,0,0
566501,2373,13,0,0
566501,2395,14,0,0
566501,355896,15,0,0
566501,2689,16,0,0
566501,2677,17,0,0
566501,2682,18,0,0
566501,2675,19,0,0
566501,2686,20,0,0
566501,2698,21,0,0
566501,2690,22,0,0
566501,2696,23,0,0
566501,2691,24,0,0
566501,2700,25,0,0
566501,2692,26,0,0
566501,3063,27,0,0
566501,3062,28,0,0
566501,356044,29,0,0
566501,3029,30,0,0
566501,3057,31,0,0
566501,3064,32,0,0
566501,2680,33,0,0
566501,2701,34,0,0
566501,3251,35,0,0
566501,2678,36,0,0
566501,2718,37,0,0
566501,2722,38,0,0
566501,2704,39,0,0
566501,355292,40,0,0
566501,2712,41,0,0
566501,2709,42,0,0
566501,2707,43,0,0
566501,2719,44,0,0
566501,2710,45,0,0
566501,355287,46,0,0
566501,2714,47,0,0
566501,2182,48,0,0
566501,2181,49,0,0
566501,2180,50,0,0
566501,355962,51,1,1
566600,356181,1,0,0
566600,356363,2,0,0
566600,1280,3,0,0
566600,1282,4,0,0
566600,1286,5,0,0
566600,1284,6,0,0
566600,355816,7,0,0
566600,1402,8,0,0
566600,1292,9,0,0
566600,1279,10,0,0
566600,1296,11,0,0
566600,1294,12,0,0
566600,355473,13,0,0
566600,355794,14,0,0
566600,356287,15,0,0
566600,355474,16,0,0
566600,355514,17,0,0
566600,355934,18,0,0
566600,355935,19,0,0
566600,355516,20,0,0
566600,355517,21,0,0
566600,356212,22,0,0
566600,355518,23,0,0
566600,356213,24,0,0
566600,355519,25,0,0
566600,356120,26,0,0
566600,355476,27,0,0
566600,356132,28,0,0
566600,356134,29,0,0
566600,356136,30,0,0
566600,2396,31,0,0
566600,356014,32,0,0
566600,3187,33,0,0
566600,355596,34,0,0
566600,2395,35,0,0
566600,356138,36,0,0
566600,356140,37,0,0
566600,356142,38,0,0
566600,355899,39,0,0
566600,355370,40,0,0
566600,355371,41,0,0
566600,355372,42,0,0
566600,355373,43,0,0
566600,355375,44,0,0
566600,355376,45,0,0
566600,355378,46,0,0
566600,2576,47,0,0
566600,2577,48,0,0
566600,355379,49,0,0
566600,355380,50,0,0
566600,355988,51,0,0
566600,355989,52,0,0
566600,355990,53,0,0
566600,355383,54,0,0
566600,355384,55,0,0
566600,355385,56,0,0
566600,2589,57,0,0
566600,2592,58,0,0
566600,2587,59,0,0
566600,2594,60,0,0
566600,2586,61,0,0
566600,356016,62,0,0
566600,355387,63,0,0
566600,355388,64,0,0
566600,355936,65,0,0
566600,356048,66,0,0
566600,355477,67,0,0
566600,355770,68,0,0
566600,356121,69,0,0
566600,355522,70,0,0
566600,355949,71,0,0
566600,355524,72,0,0
566600,355478,73,0,0
566600,355901,74,0,0
566600,356080,75,0,0
566600,355526,76,0,0
566600,355527,77,0,0
566600,355479,78,0,0
566600,355528,79,0,0
566600,355529,80,0,0
566600,355530,81,0,0
566600,355531,82,0,0
566600,1509,83,0,0
566600,356025,84,0,0
566600,356081,85,0,0
566600,356027,86,0,0
566600,355532,87,0,0
566600,355533,88,0,0
566600,355543,89,0,0
566600,355535,90,0,0
566600,356114,91,0,0
566600,355537,92,0,0
566600,355538,93,0,0
566600,356379,94,1,1
566600,1555,95,1,1
566601,356379,1,0,0
566601,355539,2,0,0
566601,356115,3,0,0
566601,356113,4,0,0
566601,355735,5,0,0
566601,355534,6,0,0
566601,355544,7,0,0
566601,355545,8,0,0
566601,356028,9,0,0
566601,356026,10,0,0
566601,355546,11,0,0
566601,355547,12,0,0
566601,355548,13,0,0
566601,355549,14,0,0
566601,355466,15,0,0
566601,355550,16,0,0
566601,355551,17,0,0
566601,355552,18,0,0
566601,355902,19,0,0
566601,355467,20,0,0
566601,355553,21,0,0
566601,355932,22,0,0
566601,355555,23,0,0
566601,355556,24,0,0
566601,355769,25,0,0
566601,355931,26,0,0
566601,1555,27,0,0
566601,2595,28,0,0
566601,356183,29,0,0
566601,355833,30,0,0
566601,355979,31,0,0
566601,2585,32,0,0
566601,2593,33,0,0
566601,2588,34,0,0
566601,355980,35,0,0
566601,2590,36,0,0
566601,355981,37,0,0
566601,355393,38,0,0
566601,355982,39,0,0
566601,355983,40,0,0
566601,355985,41,0,0
566601,355396,42,0,0
566601,355397,43,0,0
566601,2580,44,0,0
566601,355986,45,0,0
566601,355987,46,0,0
566601,355399,47,0,0
566601,355400,48,0,0
566601,355401,49,0,0
566601,355403,50,0,0
566601,355404,51,0,0
566601,355405,52,0,0
566601,355406,53,0,0
566601,355900,54,0,0
566601,356132,55,0,0
566601,356134,56,0,0
566601,356136,57,0,0
566601,2396,58,0,0
566601,355597,59,0,0
566601,355716,60,0,0
566601,3188,61,0,0
566601,2373,62,0,0
566601,2395,63,0,0
566601,356138,64,0,0
566601,356140,65,0,0
566601,356142,66,0,0
566601,355469,67,0,0
566601,355557,68,0,0
566601,355558,69,0,0
566601,356152,70,0,0
566601,356214,71,0,0
566601,356211,72,0,0
566601,355560,73,0,0
566601,355561,74,0,0
566601,355470,75,0,0
566601,355933,76,0,0
566601,355563,77,0,0
566601,355471,78,0,0
566601,356286,79,0,0
566601,355793,80,0,0
566601,355472,81,0,0
566601,1295,82,0,0
566601,1288,83,0,0
566601,1287,84,0,0
566601,1293,85,0,0
566601,1405,86,0,0
566601,1297,87,0,0
566601,355815,88,0,0
566601,1285,89,0,0
566601,1298,90,0,0
566601,1283,91,0,0
566601,1281,92,0,0
566601,356363,93,0,0
566601,356182,94,1,1
566800,2349,1,0,0
566800,3240,2,0,0
566800,3231,3,0,0
566800,3241,4,0,0
566800,3237,5,0,0
566800,3228,6,0,0
566800,3227,7,0,0
566800,3234,8,0,0
566800,3235,9,0,0
566800,355943,10,0,0
566800,2340,11,0,0
566800,2341,12,0,0
566800,2346,13,0,0
566800,2347,14,0,0
566800,2442,15,0,0
566800,2439,16,0,0
566800,2440,17,0,0
566800,2441,18,0,0
566800,2350,19,1,1
566801,2350,1,0,0
566801,2731,2,0,0
566801,2730,3,0,0
566801,2732,4,0,0
566801,2348,5,0,0
566801,2344,6,0,0
566801,2343,7,0,0
566801,2339,8,0,0
566801,1603,9,0,0
566801,3236,10,0,0
566801,3233,11,0,0
566801,3230,12,0,0
566801,3229,13,0,0
566801,3238,14,0,0
566801,3242,15,0,0
566801,3232,16,0,0
566801,3239,17,0,0
566801,2349,18,1,1
567000,1405,1,0,0
567000,1297,2,0,0
567000,355815,3,0,0
567000,1285,4,0,0
567000,1298,5,0,0
567000,1283,6,0,0
567000,1281,7,0,0
567000,1290,8,0,0
567000,356182,9,0,0
567000,356169,10,0,0
567000,355923,11,0,0
567000,356380,12,0,0
567000,3068,13,0,0
567000,3070,14,0,0
567000,3074,15,0,0
567000,3076,16,0,0
567000,356381,17,1,1
567001,356381,1,0,0
567001,3075,2,0,0
567001,3073,3,0,0
567001,3071,4,0,0
567001,3069,5,0,0
567001,355924,6,0,0
567001,356380,7,0,0
567001,356170,8,0,0
567001,356181,9,0,0
567001,1280,10,0,0
567001,1282,11,0,0
567001,1286,12,0,0
567001,1284,13,0,0
567001,355816,14,0,0
567001,1405,15,1,1
567600,1399,1,0,0
567600,2507,2,0,0
567600,2490,3,0,0
567600,2513,4,0,0
567600,2491,5,0,0
567600,2499,6,0,0
567600,2501,7,0,0
567600,1616,8,0,0
567600,1613,9,0,0
567600,1619,10,0,0
567600,1611,11,0,0
567600,1610,12,0,0
567600,356055,13,0,0
567600,1075,14,0,0
567600,355782,15,0,0
567600,1132,16,0,0
567600,356372,17,0,0
567600,356319,18,0,0
567600,356320,19,0,0
567600,356321,20,0,0
567600,356322,21,0,0
567600,356318,22,0,0
567600,356324,23,0,0
567600,356325,24,0,0
567600,356326,25,0,0
567600,356327,26,0,0
567600,356328,27,0,0
567600,356329,28,0,0
567600,356330,29,0,0
567600,356331,30,0,0
567600,356332,31,0,0
567600,356333,32,0,0
567600,356334,33,0,0
567600,356335,34,0,0
567600,356336,35,0,0
567600,356337,36,1,1
567601,356337,1,0,0
567601,356245,2,0,0
567601,356243,3,0,0
567601,356242,4,0,0
567601,356280,5,0,0
567601,356240,6,0,0
567601,356339,7,0,0
567601,356373,8,0,0
567601,356340,9,0,0
567601,356341,10,0,0
567601,356342,11,0,0
567601,356343,12,0,0
567601,356344,13,0,0
567601,1131,14,0,0
567601,356301,15,0,0
567601,1141,16,0,0
567601,1144,17,0,0
567601,356345,18,0,0
567601,356374,19,0,0
567601,356347,20,0,0
567601,356349,21,0,0
567601,356350,22,0,0
567601,356351,23,0,0
567601,1136,24,0,0
567601,1133,25,0,0
567601,355781,26,0,0
567601,1076,27,0,0
567601,356055,28,0,0
567601,1075,29,0,0
567601,1609,30,0,0
567601,1612,31,0,0
567601,1618,32,0,0
567601,1614,33,0,0
567601,1615,34,0,0
567601,2504,35,0,0
567601,2502,36,0,0
567601,2500,37,0,0
567601,2492,38,0,0
567601,2512,39,0,0
567601,2521,40,0,0
567601,2508,41,0,0
567601,1399,42,1,1
567700,3181,1,0,0
567700,355765,2,0,0
567700,356208,3,0,0
567700,2119,4,0,0
567700,2117,5,0,0
567700,2116,6,0,0
567700,2165,7,0,0
567700,356290,8,0,0
567700,2139,9,0,0
567700,2123,10,0,0
567700,2144,11,0,0
567700,2162,12,0,0
567700,2145,13,0,0
567700,2190,14,0,0
567700,2185,15,0,0
567700,2661,16,0,0
567700,2658,17,0,0
567700,2654,18,0,0
567700,2659,19,0,0
567700,1973,20,0,0
567700,1971,21,0,0
567700,2041,22,0,0
567700,2045,23,0,0
567700,2146,24,0,0
567700,2148,25,0,0
567700,2136,26,0,0
567700,356275,27,0,0
567700,2156,28,0,0
567700,2159,29,0,0
567700,2127,30,0,0
567700,2121,31,0,0
567700,2149,32,0,0
567700,2088,33,0,0
567700,355415,34,0,0
567700,1790,35,0,0
567700,356010,36,0,0
567700,356262,37,0,0
567700,2112,38,0,0
567700,2109,39,0,0
567700,2080,40,0,0
567700,2098,41,0,0
567700,2113,42,0,0
567700,356265,43,0,0
567700,356266,44,0,0
567700,356067,45,0,0
567700,2072,46,0,0
567700,2071,47,0,0
567700,2075,48,0,0
567700,2078,49,0,0
567700,2085,50,0,0
567700,2097,51,0,0
567700,356118,52,0,0
567700,2101,53,0,0
567700,2103,54,0,0
567700,2087,55,0,0
567700,2090,56,0,0
567700,2095,57,0,0
567700,2076,58,0,0
567700,2108,59,0,0
567700,2081,60,0,0
567700,2496,61,0,0
567700,2497,62,0,0
567700,2510,63,0,0
567700,2517,64,0,0
567700,2498,65,0,0
567700,2520,66,0,0
567700,2485,67,0,0
567700,2525,68,0,0
567700,355947,69,0,0
567700,2515,70,0,0
567700,2495,71,0,0
567700,2489,72,0,0
567700,1403,73,1,1
567701,1403,1,0,0
567701,2511,2,0,0
567701,2488,3,0,0
567701,2514,4,0,0
567701,355946,5,0,0
567701,2524,6,0,0
567701,2518,7,0,0
567701,2519,8,0,0
567701,2493,9,0,0
567701,2516,10,0,0
567701,2509,11,0,0
567701,2523,12,0,0
567701,2522,13,0,0
567701,2107,14,0,0
567701,2111,15,0,0
567701,2077,16,0,0
567701,2084,17,0,0
567701,2094,18,0,0
567701,2114,19,0,0
567701,2086,20,0,0
567701,2102,21,0,0
567701,2100,22,0,0
567701,2073,23,0,0
567701,2096,24,0,0
567701,1896,25,0,0
567701,1902,26,0,0
567701,1907,27,0,0
567701,356065,28,0,0
567701,1905,29,0,0
567701,1943,30,0,0
567701,1911,31,0,0
567701,1945,32,0,0
567701,1942,33,0,0
567701,1951,34,0,0
567701,1944,35,0,0
567701,1904,36,0,0
567701,1946,37,0,0
567701,1950,38,0,0
567701,1906,39,0,0
567701,1947,40,0,0
567701,1898,41,0,0
567701,1914,42,0,0
567701,1964,43,0,0
567701,1955,44,0,0
567701,1960,45,0,0
567701,356108,46,0,0
567701,1976,47,0,0
567701,1979,48,0,0
567701,1962,49,0,0
567701,1969,50,0,0
567701,1967,51,0,0
567701,1959,52,0,0
567701,1972,53,0,0
567701,1978,54,0,0
567701,2660,55,0,0
567701,2655,56,0,0
567701,356184,57,0,0
567701,2663,58,0,0
567701,2186,59,0,0
567701,2189,60,0,0
567701,2138,61,0,0
567701,2154,62,0,0
567701,2143,63,0,0
567701,355954,64,0,0
567701,2164,65,0,0
567701,2163,66,0,0
567701,356293,67,0,0
567701,356289,68,0,0
567701,2166,69,0,0
567701,2115,70,0,0
567701,2118,71,0,0
567701,2120,72,0,0
567701,3145,73,0,0
567701,3181,74,1,1
567701,1771,75,0,0
567701,355415,76,1,1
567800,356299,1,0,0
567800,2130,2,0,0
567800,2137,3,0,0
567800,2146,4,0,0
567800,2136,5,0,0
567800,2159,6,0,0
567800,2149,7,0,0
567800,2093,8,0,0
567800,2112,9,0,0
567800,2113,10,0,0
567800,356067,11,0,0
567800,2071,12,0,0
567800,2097,13,0,0
567800,2101,14,0,0
567800,2095,15,0,0
567800,2517,16,0,0
567800,2515,17,0,0
567800,1400,18,1,1
567801,1400,1,0,0
567801,2514,2,0,0
567801,2516,3,0,0
567801,2094,4,0,0
567801,2100,5,0,0
567801,2096,6,0,0
567801,356065,7,0,0
567801,1943,8,0,0
567801,1951,9,0,0
567801,1950,10,0,0
567801,1916,11,0,0
567801,356209,12,0,0
567801,356108,13,0,0
567801,1962,14,0,0
567801,2147,15,0,0
567801,2138,16,0,0
567801,355969,17,0,0
567801,356299,18,1,1
567900,1717,1,0,0
567900,1499,2,0,0
567900,1498,3,0,0
567900,1494,4,0,0
567900,1496,5,0,0
567900,1175,6,0,0
567900,1180,7,0,0
567900,1178,8,0,0
567900,1179,9,0,0
567900,2357,10,0,0
567900,1181,11,0,0
567900,1177,12,0,0
567900,1640,13,0,0
567900,1639,14,0,0
567900,1822,15,0,0
567900,1826,16,0,0
567900,1813,17,0,0
567900,1811,18,0,0
567900,1817,19,0,0
567900,1810,20,0,0
567900,1820,21,0,0
567900,1831,22,0,0
567900,1833,23,0,0
567900,1827,24,0,0
567900,1835,25,0,0
567900,1830,26,0,0
567900,2363,27,0,0
567900,2356,28,0,0
567900,2360,29,0,0
567900,356273,30,0,0
567900,2367,31,0,0
567900,2366,32,0,0
567900,2370,33,0,0
567900,1930,34,0,0
567900,1924,35,0,0
567900,1918,36,0,0
567900,1953,37,0,0
567900,1921,38,0,0
567900,1809,39,0,0
567900,2876,40,0,0
567900,2888,41,0,0
567900,2871,42,0,0
567900,2877,43,0,0
567900,2864,44,0,0
567900,2866,45,0,0
567900,2865,46,0,0
567900,2883,47,0,0
567900,2219,48,0,0
567900,2230,49,0,0
567900,2229,50,0,0
567900,2245,51,0,0
567900,2228,52,0,0
567900,2220,53,0,0
567900,2250,54,0,0
567900,2226,55,0,0
567900,2225,56,0,0
567900,2236,57,0,0
567900,355301,58,0,0
567900,3031,59,0,0
567900,3032,60,0,0
567900,2011,61,0,0
567900,3049,62,0,0
567900,3033,63,0,0
567900,3030,64,0,0
567900,2254,65,0,0
567900,2223,66,0,0
567900,2241,67,0,0
567900,2252,68,0,0
567900,2221,69,0,0
567900,2255,70,0,0
567900,2243,71,0,0
567900,2247,72,0,0
567900,2265,73,0,0
567900,2293,74,0,0
567900,2278,75,0,0
567900,2261,76,0,0
567900,2285,77,0,0
567900,2289,78,0,0
567900,2291,79,0,0
567900,2271,80,0,0
567900,2273,81,0,0
567900,2268,82,0,0
567900,2287,83,0,0
567900,2269,84,0,0
567900,3252,85,0,0
567900,2262,86,0,0
567900,2274,87,0,0
567900,2264,88,0,0
567900,2283,89,0,0
567900,2258,90,0,0
567900,2279,91,0,0
567900,1577,92,0,0
567900,2182,93,0,0
567900,2181,94,0,0
567900,2180,95,0,0
567900,2183,96,1,1
567901,2183,1,0,0
567901,1570,2,0,0
567901,1566,3,0,0
567901,2280,4,0,0
567901,2257,5,0,0
567901,2286,6,0,0
567901,2275,7,0,0
567901,2263,8,0,0
567901,2282,9,0,0
567901,2267,10,0,0
567901,2288,11,0,0
567901,2266,12,0,0
567901,2272,13,0,0
567901,2290,14,0,0
567901,2277,15,0,0
567901,2284,16,0,0
567901,2260,17,0,0
567901,2259,18,0,0
567901,2294,19,0,0
567901,2270,20,0,0
567901,2246,21,0,0
567901,2233,22,0,0
567901,2256,23,0,0
567901,2222,24,0,0
567901,2251,25,0,0
567901,2242,26,0,0
567901,2224,27,0,0
567901,355409,28,0,0
567901,3031,29,0,0
567901,3032,30,0,0
567901,2010,31,0,0
567901,3049,32,0,0
567901,3033,33,0,0
567901,3030,34,0,0
567901,2235,35,0,0
567901,2227,36,0,0
567901,2249,37,0,0
567901,2237,38,0,0
567901,2234,39,0,0
567901,2244,40,0,0
567901,2240,41,0,0
567901,2231,42,0,0
567901,2248,43,0,0
567901,2874,44,0,0
567901,2894,45,0,0
567901,2870,46,0,0
567901,2863,47,0,0
567901,2878,48,0,0
567901,2872,49,0,0
567901,355952,50,0,0
567901,2898,51,0,0
567901,1809,52,0,0
567901,1837,53,0,0
567901,2004,54,0,0
567901,1715,55,0,0
567901,1952,56,0,0
567901,1936,57,0,0
567901,1903,58,0,0
567901,1929,59,0,0
567901,2369,60,0,0
567901,2368,61,0,0
567901,2365,62,0,0
567901,2361,63,0,0
567901,2359,64,0,0
567901,2355,65,0,0
567901,2364,66,0,0
567901,2357,67,0,0
567901,2358,68,0,0
567901,1829,69,0,0
567901,1836,70,0,0
567901,1828,71,0,0
567901,1834,72,0,0
567901,1832,73,0,0
567901,1821,74,0,0
567901,1825,75,0,0
567901,1818,76,0,0
567901,356178,77,0,0
567901,1812,78,0,0
567901,1814,79,0,0
567901,1824,80,0,0
567901,1823,81,0,0
567901,1819,82,0,0
567901,1815,83,0,0
567901,1227,84,0,0
567901,356057,85,0,0
567901,1719,86,0,0
567901,1718,87,0,0
567901,1717,88,1,1
568000,1399,1,0,0
568000,2507,2,0,0
568000,2490,3,0,0
568000,2513,4,0,0
568000,2491,5,0,0
568000,2499,6,0,0
568000,2501,7,0,0
568000,2506,8,0,0
568000,1678,9,0,0
568000,1670,10,0,0
568000,1679,11,0,0
568000,1685,12,0,0
568000,1684,13,0,0
568000,1686,14,0,0
568000,1681,15,0,0
568000,1691,16,0,0
568000,1671,17,0,0
568000,1675,18,0,0
568000,1666,19,0,0
568000,1676,20,0,0
568000,1669,21,0,0
568000,1617,22,0,0
568000,1616,23,0,0
568000,1613,24,0,0
568000,1619,25,0,0
568000,1611,26,0,0
568000,1610,27,0,0
568000,1048,28,0,0
568000,1075,29,0,0
568000,355782,30,0,0
568000,1132,31,0,0
568000,1135,32,0,0
568000,1129,33,0,0
568000,1137,34,0,0
568000,1143,35,0,0
568000,1140,36,0,0
568000,1145,37,0,0
568000,355928,38,0,0
568000,1378,39,0,0
568000,1033,40,0,0
568000,1034,41,0,0
568000,1032,42,0,0
568000,1035,43,0,0
568000,356230,44,0,0
568000,356231,45,0,0
568000,356232,46,0,0
568000,356233,47,0,0
568000,356234,48,0,0
568000,356269,49,0,0
568000,356255,50,0,0
568000,1798,51,0,0
568000,356253,52,0,0
568000,356254,53,0,0
568000,356235,54,0,0
568000,356236,55,0,0
568000,356270,56,0,0
568000,356238,57,0,0
568000,356239,58,0,0
568000,356257,59,0,0
568000,356258,60,1,1
568001,356258,1,0,0
568001,356259,2,0,0
568001,356260,3,0,0
568001,356250,4,0,0
568001,356249,5,0,0
568001,356248,6,0,0
568001,356247,7,0,0
568001,356246,8,0,0
568001,356245,9,0,0
568001,356244,10,0,0
568001,356269,11,0,0
568001,356255,12,0,0
568001,1798,13,0,0
568001,1683,14,0,0
568001,356086,15,0,0
568001,1677,16,0,0
568001,1667,17,0,0
568001,1689,18,0,0
568001,1672,19,0,0
568001,1690,20,0,0
568001,1688,21,0,0
568001,1687,22,0,0
568001,1693,23,0,0
568001,1674,24,0,0
568001,355777,25,0,0
568001,1680,26,0,0
568001,1692,27,0,0
568001,1673,28,0,0
568001,356253,29,0,0
568001,356254,30,0,0
568001,356243,31,0,0
568001,356242,32,0,0
568001,356280,33,0,0
568001,356240,34,0,0
568001,355746,35,0,0
568001,1130,36,0,0
568001,1142,37,0,0
568001,1131,38,0,0
568001,356301,39,0,0
568001,1141,40,0,0
568001,1144,41,0,0
568001,1138,42,0,0
568001,1139,43,0,0
568001,1136,44,0,0
568001,1133,45,0,0
568001,355781,46,0,0
568001,1076,47,0,0
568001,1048,48,0,0
568001,1075,49,0,0
568001,1609,50,0,0
568001,1612,51,0,0
568001,1618,52,0,0
568001,1614,53,0,0
568001,1615,54,0,0
568001,2504,55,0,0
568001,2502,56,0,0
568001,2500,57,0,0
568001,2492,58,0,0
568001,2512,59,0,0
568001,2521,60,0,0
568001,2508,61,0,0
568001,1399,62,1,1
577700,2010,1,1,1
577700,1400,2,0,0
577700,2511,3,1,1
577700,2137,4,0,0
577700,2093,5,1,1
577800,2010,1,1,1
577800,1400,2,0,0
577800,2511,3,1,1
577800,2137,4,0,0
577800,2093,5,1,1
