555900,'1',514,,6295,,,0,20,,6294,,,0,20,,6293,,,0,65,,6292,,,0,20,,6291,,,0,12,,6290,,,0,52,,6289,,,0,21,,6288,,,0,12,,6287,,,0,12,,6286,,,0,52,,6285,,,0,12,,6284,,,0,12,,6283,,,0,12,,6282,,,0,12,,6281,,,0,52,,6280,,,0,12,,6279,,,0,8,,6278,,,0,14,,6277,,,0,15,,6276,,,0,55,,6275,,,0,15,,6274,,,0,15,,6273,,,0,15,,6272,,,0,55,,6271,,,0,15,,6270,,,0,15,,6269,,,0,15,,6268,,,0,55,,6267,,,0,15,,6266,,,0,15,,6265,,,0,15,,6264,,,0,55,,6263,,,0,15,,6262,,,0,15,,6261,,,0,15,,6260,,,0,55,,6259,,,0,15,,6258,,,0,15,,6257,,,0,17,,6256,,,0,53,,6255,,,0,12,,6254,,,0,12,,6253,,,0,12,,6252,,,0,12,,6251,,,0,52,,6250,,,0,12,,6249,,,0,12,,6248,,,0,12,,6247,,,0,12,,6246,,,0,52,,6245,,,0,12,,6244,,,0,12,,6243,,,0,12,,6242,,,0,12,,6241,,,0,52,,6240,,,0,12,,6239,,,0,12,,6238,,,0,12,,6237,,,0,14,,6236,,,0,54,,6235,,,0,15,,6234,,,0,15,,6233,,,0,15,,6232,,,0,55,,6231,,,0,11,,6230,,,0,18,,6229,,,0,20,,6228,,,0,60,,6227,,,0,20,,6226,,,0,20,,6225,,,0,60,,6224,,,0,17,,6223,,,0,70,,6222,,,0,30,,6221,,,0,70,,6218,,,0,30,,6220,,,0,90,,6219,,,0
555900,'2',611,,6328,,,0,33,,6327,,,0,70,,6326,,,0,30,,6325,,,0,70,,6324,,,0,25,,6323,,,0,70,,6322,,,0,25,,6321,,,0,25,,6320,,,0,60,,6319,,,0,20,,6318,,,0,20,,6317,,,0,60,,6316,,,0,20,,6315,,,0,20,,6314,,,0,60,,6313,,,0,24,,6312,,,0,60,,6311,,,0,20,,6310,,,0,20,,6309,,,0,60,,6308,,,0,20,,6307,,,0,20,,6306,,,0,60,,6305,,,0,20,,6304,,,0,20,,6303,,,0,60,,6302,,,0,20,,6301,,,0,20,,6300,,,0,60,,6299,,,0,20,,6298,,,0,20,,6297,,,0,60,,6296,,,0,20,,6342,,,0,20,,6341,,,0,70,,6340,,,0,30,,6339,,,0,70,,6338,,,0,30,,6337,,,0,70,,6336,,,0,24,,6335,,,0,70,,6334,,,0,30,,6333,,,0,70,,6332,,,0,25,,6331,,,0,90,,6330,,,0,100,,6329,,,0
555900,'3',636,,6346,,,0,70,,6378,,,0,30,,6377,,,0,70,,6376,,,0,30,,6375,,,0,70,,6374,,,0,33,,6373,,,0,70,,6372,,,0,30,,6371,,,0,73,,6370,,,0,30,,6369,,,0,70,,6368,,,0,30,,6367,,,0,70,,6366,,,0,30,,6365,,,0,70,,6364,,,0,30,,6363,,,0,70,,6362,,,0,30,,6361,,,0,70,,6360,,,0,30,,6359,,,0,70,,6358,,,0,30,,6357,,,0,70,,6356,,,0,30,,6352,,,0,70,,6351,,,0,30,,6350,,,0,70,,6349,,,0,30,,6348,,,0,70,,6347,,,0,24,,6355,,,0,70,,6345,,,0,30,,6354,,,0,70,,6344,,,0,30,,6353,,,0,70,,6343,,,0
556600,'1',520,,8055,,,0,32,,8056,,,0,70,,8057,,,0,30,,8058,,,0,65,,8059,,,0,20,,8060,,,0,15,,8061,,,0,55,,8062,,,0,15,,8063,,,0,15,,8064,,,0,15,,8065,,,0,55,,8066,,,0,15,,8067,,,0,15,,8068,,,0,64,,8069,,,0,30,,8070,,,0,70,,8071,,,0,30,,8072,,,0,70,,8073,,,0,30,,8074,,,0,70,,8075,,,0,30,,8076,,,0,69,,8077,,,0,25,,8078,,,0,25,,8079,,,0,55,,8080,,,0,15,,8081,,,0,15,,8082,,,0,15,,8083,,,0,55,,8084,,,0,15,,8085,,,0,15,,8086,,,0,15,,8087,,,0,55,,8088,,,0,15,,8089,,,0,15,,8090,,,0,15,,8091,,,0,55,,8092,,,0,15,,8093,,,0,10,,8094,,,0,73,,8095,,,0,30,,8096,,,0,70,,8097,,,0,30,,8098,,,0,70,,8099,,,0,30,,8100,,,0,70,,8101,,,0,30,,8102,,,0,70,,8104,,,0,30,,8105,,,0,70,,8103,,,0,30,,8106,,,0,70,,8107,,,0
556600,'2',524,,8148,,,0,30,,8111,,,0,70,,8128,,,0,30,,8127,,,0,70,,8129,,,0,30,,8126,,,0,70,,8142,,,0,30,,8125,,,0,70,,8131,,,0,30,,8124,,,0,70,,8139,,,0,30,,8123,,,0,70,,8138,,,0,30,,8122,,,0,70,,8137,,,0,30,,8121,,,0,70,,8136,,,0,30,,8120,,,0,70,,8135,,,0,30,,8119,,,0,70,,8134,,,0,30,,8118,,,0,70,,8133,,,0,30,,8117,,,0,70,,8132,,,0,30,,8116,,,0,70,,8130,,,0,30,,8140,,,0,70,,8141,,,0,30,,8143,,,0,70,,8144,,,0,30,,8145,,,0,70,,8146,,,0,30,,8115,,,0,70,,8114,,,0,30,,8113,,,0,70,,8112,,,0,30,,8147,,,0,65,,8110,,,0,30,,8109,,,0
556600,'3',624,,8165,,,0,30,,8164,,,0,70,,8166,,,0,30,,8163,,,0,70,,8179,,,0,30,,8162,,,0,70,,8168,,,0,30,,8161,,,0,70,,8176,,,0,30,,8160,,,0,70,,8175,,,0,30,,8159,,,0,70,,8174,,,0,30,,8158,,,0,70,,8173,,,0,30,,8157,,,0,70,,8172,,,0,30,,8156,,,0,70,,8171,,,0,30,,8155,,,0,70,,8170,,,0,30,,8154,,,0,70,,8169,,,0,30,,8153,,,0,70,,8167,,,0,30,,8177,,,0,70,,8178,,,0,30,,8180,,,0,70,,8181,,,0,30,,8182,,,0,70,,8183,,,0,30,,8152,,,0,71,,8151,,,0,30,,8150,,,0,70,,8149,,,0,30,,8184,,,0
556601,'1601',727,,8187,0,27 45 35,0
556601,'1',532,,8188,,,0,69,,8189,,,0,30,,8190,,,0,70,,8191,,,0,30,,8192,,,0,70,,8193,,,0,20,,8194,,,0,20,,8195,,,0,60,,8196,,,0,15,,8197,,,0,15,,8198,,,0,15,,8199,,,0,54,,8200,,,0,30,,8201,,,0,70,,8202,,,0,30,,8203,,,0,70,,8204,,,0,30,,8205,,,0,70,,8206,,,0,30,,8207,,,0,70,,8208,,,0,30,,8209,,,0,70,,8210,,,0,15,,8211,,,0,15,,8212,,,0,15,,8213,,,0,55,,8214,,,0,15,,8215,,,0,15,,8240,,,0,15,,8216,,,0,55,,8217,,,0,15,,8218,,,0,15,,8219,,,0,15,,8220,,,0,55,,8221,,,0,15,,8222,,,0,15,,8223,,,0,15,,8224,,,0,56,,8225,,,0,15,,8226,,,0,20,,8227,,,0,65,,8228,,,0,30,,8229,,,0,70,,8230,,,0,30,,8231,,,0,70,,8232,,,0,30,,8237,,,0,70,,8233,,,0,30,,8234,,,0,70,,8238,,,0,30,,8235,,,0,70,,8239,,,0,37,,8236,,,0
556601,'2',522,,8244,,,0,30,,8243,,,0,70,,8242,,,0,26,,8263,,,0,70,,8261,,,0,30,,8262,,,0,70,,8260,,,0,30,,8264,,,0,70,,8259,,,0,30,,8267,,,0,70,,8258,,,0,30,,8275,,,0,70,,8257,,,0,30,,8274,,,0,70,,8256,,,0,30,,8273,,,0,70,,8255,,,0,30,,8272,,,0,70,,8254,,,0,30,,8271,,,0,70,,8253,,,0,30,,8270,,,0,70,,8252,,,0,30,,8269,,,0,70,,8251,,,0,30,,8268,,,0,70,,8250,,,0,30,,8266,,,0,70,,8265,,,0,30,,8249,,,0,70,,8276,,,0,30,,8277,,,0,70,,8278,,,0,30,,8279,,,0,70,,8280,,,0,30,,8248,,,0,70,,8247,,,0,30,,8246,,,0,70,,8281,,,0,30,,8245,,,0,70,,8241,,,0
556601,'3',648,,8299,,,0,70,,8297,,,0,30,,8298,,,0,70,,8296,,,0,30,,8300,,,0,70,,8295,,,0,30,,8303,,,0,70,,8294,,,0,30,,8311,,,0,70,,8293,,,0,30,,8310,,,0,70,,8292,,,0,30,,8309,,,0,70,,8291,,,0,30,,8308,,,0,70,,8290,,,0,30,,8307,,,0,70,,8289,,,0,30,,8306,,,0,70,,8288,,,0,30,,8305,,,0,70,,8287,,,0,30,,8304,,,0,70,,8286,,,0,30,,8302,,,0,70,,8301,,,0,30,,8285,,,0,70,,8312,,,0,30,,8313,,,0,70,,8314,,,0,30,,8315,,,0,70,,8316,,,0,30,,8284,,,0,70,,8283,,,0,30,,8282,,,0,79,,8317,,,0
