569000,'1',448,,20462,5,,,0,55,,20432,5,,,0,20,,20425,5,,,0,20,,20426,5,,,0,60,,20427,5,,,0,20,,20428,5,,,0,20,,20429,5,,,0,60,,20430,5,,,0,20,,20431,5,,,0,20,,20424,5,,,0,60,,20461,5,,,0,20,,20460,5,,,0,20,,20459,5,,,0,60,,20458,5,,,0,20,,20457,5,,,0,20,,20456,5,,,0,60,,20455,5,,,0,20,,20452,5,,,0,20,,20451,5,,,0,60,,20450,5,,,0,20,,20449,5,,,0,20,,20448,5,,,0,60,,20447,5,,,0,20,,20454,5,,,0,20,,20453,5,,,0,60,,20478,5,,,0,20,,20446,5,,,0,21,,20445,5,,,0,60,,20444,5,,,0,20,,20443,5,,,0,20,,20442,5,,,0,60,,20441,5,,,0,20,,20440,5,,,0,20,,20439,5,,,0,60,,20438,5,,,0,20,,20437,5,,,0,20,,20436,5,,,0,60,,20435,5,,,0,20,,20434,5,,,0,20,,20433,5,,,0,63,,20463,5,,,0,30,,20464,5,,,0,74,,20465,5,,,0,30,,20466,5,,,0,70,,20467,5,,,0,30,,20468,5,,,0,70,,20469,5,,,0,30,,20477,5,,,0,69,,20476,5,,,0,30,,20475,5,,,0,70,,20474,5,,,0,30,,20473,5,,,0,70,,20472,5,,,0,32,,20471,5,,,0,80,,20470,5,,,0
569000,'2',502,,20528,5,,,0,30,,20527,5,,,0,70,,20526,5,,,0,30,,20525,5,,,0,70,,20524,5,,,0,30,,20523,5,,,0,70,,20522,5,,,0,20,,20480,5,,,0,20,,20521,5,,,0,60,,20520,5,,,0,20,,20519,5,,,0,20,,20518,5,,,0,60,,20517,5,,,0,20,,20516,5,,,0,20,,20515,5,,,0,60,,20514,5,,,0,20,,20513,5,,,0,20,,20512,5,,,0,60,,20511,5,,,0,20,,20510,5,,,0,20,,20509,5,,,0,60,,20508,5,,,0,20,,20507,5,,,0,20,,20506,5,,,0,60,,20505,5,,,0,20,,20504,5,,,0,20,,20503,5,,,0,60,,20502,5,,,0,20,,20501,5,,,0,20,,20500,5,,,0,60,,20499,5,,,0,20,,20498,5,,,0,20,,20497,5,,,0,60,,20496,5,,,0,30,,20495,5,,,0,71,,20494,5,,,0,30,,20493,5,,,0,70,,20492,5,,,0,30,,20491,5,,,0,70,,20490,5,,,0,30,,20489,5,,,0,70,,20488,5,,,0,30,,20487,5,,,0,69,,20486,5,,,0,30,,20485,5,,,0,70,,20484,5,,,0,30,,20483,5,,,0,70,,20482,5,,,0,30,,20479,5,,,0,90,,20481,5,,,0
569000,'3',602,,20529,5,,,0,100,,20530,5,,,0,30,,20531,5,,,0,70,,20532,5,,,0,30,,20533,5,,,0,71,,20534,5,,,0,30,,20535,5,,,0,70,,20536,5,,,0,30,,20537,5,,,0,70,,20538,5,,,0,30,,20539,5,,,0,70,,20540,5,,,0,30,,20541,5,,,0,70,,20542,5,,,0,30,,20543,5,,,0,70,,20544,5,,,0,30,,20545,5,,,0,70,,20546,5,,,0,30,,20547,5,,,0,70,,20548,5,,,0,30,,20549,5,,,0,70,,20550,5,,,0,30,,20551,5,,,0,70,,20552,5,,,0,30,,20553,5,,,0,70,,20554,5,,,0,30,,20555,5,,,0,69,,20556,5,,,0,30,,20557,5,,,0,70,,20558,5,,,0,30,,20559,5,,,0,70,,20560,5,,,0,30,,20561,5,,,0,70,,20562,5,,,0,30,,20563,5,,,0,70,,20564,5,,,0
569300,'1',503,,21577,5,,,0,30,,21576,5,,,0,70,,21575,5,,,0,30,,21574,5,,,0,70,,21586,5,,,0,30,,21587,5,,,0,70,,21588,5,,,0,30,,21589,5,,,0,70,,21590,5,,,0,30,,21591,5,,,0,70,,21592,5,,,0,30,,21593,5,,,0,70,,21573,5,,,0,30,,21572,5,,,0,70,,21571,5,,,0,30,,21570,5,,,0,70,,21569,5,,,0,30,,21568,5,,,0,71,,21567,5,,,0,30,,21578,5,,,0,70,,21579,5,,,0,30,,21580,5,,,0,70,,21581,5,,,0,30,,21582,5,,,0,70,,21583,5,,,0,30,,21584,5,,,0,70,,21585,5,,,0,30,,21566,5,,,0,69,,21594,5,,,0,50,,21565,5,,,0,100,,21564,5,,,0,100,,21563,5,,,0,105,,21562,5,,,0,145,,21561,5,,,0,100,,21560,5,,,0
569300,'2',518,,21595,5,,,0,30,,21613,5,,,0,70,,21603,5,,,0,30,,21614,5,,,0,70,,21602,5,,,0,30,,21615,5,,,0,75,,21601,5,,,0,30,,21616,5,,,0,70,,21617,5,,,0,30,,21618,5,,,0,70,,21619,5,,,0,30,,21620,5,,,0,70,,21621,5,,,0,30,,21622,5,,,0,70,,21623,5,,,0,30,,21624,5,,,0,70,,21625,5,,,0,30,,21626,5,,,0,70,,21627,5,,,0,30,,21628,5,,,0,70,,21629,5,,,0,30,,21604,5,,,0,70,,21605,5,,,0,30,,21606,5,,,0,70,,21607,5,,,0,30,,21608,5,,,0,70,,21597,5,,,0,35,,21609,5,,,0,100,,21610,5,,,0,100,,21611,5,,,0,100,,21612,5,,,0,100,,21600,5,,,0,100,,21599,5,,,0,100,,21598,5,,,0,100,,21596,5,,,0
569300,'3',607,,21630,5,,,0,20,,21632,5,,,0,30,,21654,5,,,0,70,,21637,5,,,0,30,,21653,5,,,0,70,,21636,5,,,0,30,,21652,5,,,0,70,,21635,5,,,0,30,,21651,5,,,0,71,,21650,5,,,0,30,,21649,5,,,0,70,,21648,5,,,0,30,,21647,5,,,0,70,,21646,5,,,0,30,,21645,5,,,0,70,,21644,5,,,0,30,,21643,5,,,0,70,,21642,5,,,0,30,,21641,5,,,0,70,,21640,5,,,0,30,,21639,5,,,0,70,,21638,5,,,0,30,,21660,5,,,0,70,,21631,5,,,0,30,,21659,5,,,0,100,,21658,5,,,0,100,,21657,5,,,0,100,,21656,5,,,0,100,,21655,5,,,0,99,,21633,5,,,0,100,,21634,5,,,0
569400,'1',512,,21781,5,,,0,30,,21780,5,,,0,70,,21779,5,,,0,30,,21778,5,,,0,70,,21777,5,,,0,35,,21776,5,,,0,70,,21782,5,,,0,30,,21783,5,,,0,70,,21784,5,,,0,30,,21785,5,,,0,70,,21786,5,,,0,30,,21787,5,,,0,70,,21775,5,,,0,30,,21774,5,,,0,70,,21773,5,,,0,30,,21772,5,,,0,70,,21771,5,,,0,30,,21770,5,,,0,70,,21769,5,,,0,30,,21768,5,,,0,70,,21788,5,,,0,30,,21789,5,,,0,70,,21790,5,,,0,30,,21791,5,,,0,70,,21792,5,,,0,30,,21793,5,,,0,70,,21794,5,,,0,30,,21795,5,,,0,90,,21762,5,,,0,95,,21767,5,,,0,100,,21766,5,,,0,100,,21765,5,,,0,105,,21764,5,,,0,100,,21763,5,,,0,100,,21761,5,,,0
569400,'2',502,,21796,5,,,0,30,,21803,5,,,0,70,,21802,5,,,0,30,,21804,5,,,0,70,,21801,5,,,0,30,,21805,5,,,0,70,,21830,5,,,0,30,,21806,5,,,0,70,,21807,5,,,0,30,,21808,5,,,0,70,,21809,5,,,0,30,,21810,5,,,0,70,,21811,5,,,0,30,,21812,5,,,0,70,,21813,5,,,0,30,,21814,5,,,0,70,,21815,5,,,0,30,,21816,5,,,0,70,,21817,5,,,0,30,,21818,5,,,0,70,,21819,5,,,0,30,,21820,5,,,0,70,,21821,5,,,0,30,,21822,5,,,0,70,,21823,5,,,0,30,,21824,5,,,0,70,,21825,5,,,0,30,,21826,5,,,0,105,,21827,5,,,0,100,,21828,5,,,0,100,,21829,5,,,0,100,,21800,5,,,0,100,,21799,5,,,0,100,,21798,5,,,0,100,,21797,5,,,0
569400,'3',602,,21833,5,,,0,30,,21832,5,,,0,70,,21834,5,,,0,30,,21840,5,,,0,70,,21838,5,,,0,30,,21841,5,,,0,70,,21837,5,,,0,30,,21842,5,,,0,70,,21843,5,,,0,30,,21844,5,,,0,70,,21845,5,,,0,30,,21846,5,,,0,70,,21847,5,,,0,30,,21848,5,,,0,70,,21849,5,,,0,30,,21850,5,,,0,70,,21851,5,,,0,30,,21852,5,,,0,70,,21853,5,,,0,30,,21854,5,,,0,70,,21855,5,,,0,30,,21856,5,,,0,70,,21857,5,,,0,30,,21858,5,,,0,70,,21831,5,,,0,30,,21859,5,,,0,100,,21860,5,,,0,100,,21861,5,,,0,100,,21839,5,,,0,100,,21836,5,,,0,100,,21835,5,,,0
569500,'703',1007,,21969,5,,,0,100,,21968,5,,,0,100,,21967,5,,,0,100,,21966,5,,,0,100,,21965,5,,,0,100,,21964,5,,,0,100,,21963,5,,,0
571000,'1',513,,25874,5,0,8 35 6,0,30,,25875,5,0,5 6,0,70,,25876,5,0,8 35 6,0,30,,25877,5,0,5 6,0,70,,25878,5,0,8 35 6,0,20,,25879,5,0,5 6,0,20,,25880,5,0,8 35 6,0,60,,25881,5,0,5 6,0,20,,25882,5,0,8 35 6,0,20,,25883,5,0,8 35 6,0,60,,25884,5,0,5 6,0,20,,25885,5,0,8 35 6,0,20,,25886,5,0,5 6,0,70,,25887,5,0,8 35 6,0,30,,25888,5,0,5 6,0,70,,25889,5,0,8 35 6,0,30,,25890,5,0,5 6,0,70,,25891,5,0,8 35 6,0,30,,25892,5,0,5 6,0,70,,25893,5,0,8 35 6,0,30,,25894,5,0,5 6,0,70,,25895,5,0,8 35 6,0,20,,25896,5,0,5 6,0,60,,25897,5,0,8 35 6,0,20,,25898,5,0,5 6,0,20,,25899,5,0,8 35 6,0,60,,25900,5,0,5 6,0,20,,25901,5,0,8 35 6,0,20,,25902,5,0,5 6,0,60,,25903,5,0,8 35 6,0,20,,25904,5,0,5 6,0,20,,25905,5,0,8 35 6,0,60,,25906,5,0,5 6,0,30,,25907,5,0,8 35 6,0,70,,25908,5,0,5 6,0,30,,25909,5,0,8 35 6,0,70,,25910,5,0,5 6,0,30,,25911,5,0,8 35 6,0,70,,25912,5,0,5 6,0,106,,25913,5,0,8 35 6,0,108,,25914,5,0,5 3 8 35 36,0,115,,25915,5,0,5 3 8 35 36,0
571000,'2',651,,25927,5,0,5 6,0,66,,25928,5,0,8 35 6,0,30,,25945,5,0,5 6,0,70,,25946,5,0,8 35 6,0,30,,25919,5,0,5 6,0,70,,25934,5,0,8 35 6,0,30,,25930,5,0,5 6,0,70,,25931,5,0,8 35 6,0,30,,25932,5,0,5 6,0,70,,25933,5,0,8 35 6,0,30,,25947,5,0,5 6,0,70,,25935,5,0,8 35 6,0,30,,25943,5,0,5 6,0,71,,25944,5,0,8 35 6,0,30,,25936,5,0,5 6,0,70,,25937,5,0,8 35 6,0,30,,25938,5,0,5 6,0,70,,25939,5,0,8 35 6,0,30,,25929,5,0,5 6,0,70,,25918,5,0,8 35 6,0,30,,25920,5,0,5 6,0,70,,25948,5,0,8 35 6,0,30,,25949,5,0,5 6,0,75,,25950,5,0,8 35 6,0,30,,25916,5,0,5 6,0,70,,25917,5,0,8 35 6,0,30,,25922,5,0,5 6,0,69,,25923,5,0,8 35 6,0,30,,25924,5,0,5 6,0,70,,25921,5,0,8 35 6,0,30,,25940,5,0,5 6,0,70,,25941,5,0,8 35 6,0,30,,25942,5,0,5 6,0,70,,25925,5,0,8 35 6,0,80,,25926,5,0,5 3 8 35 36,0
571000,'3',702,,25974,5,0,5 6,0,30,,25978,5,0,8 35 6,0,70,,25973,5,0,5 6,0,30,,25979,5,0,8 35 6,0,70,,25972,5,0,5 6,0,30,,25975,5,0,8 35 6,0,70,,25971,5,0,5 6,0,30,,25981,5,0,8 35 6,0,70,,25970,5,0,5 6,0,30,,25982,5,0,8 35 6,0,70,,25969,5,0,5 6,0,30,,25983,5,0,8 35 6,0,70,,25968,5,0,5 6,0,30,,25980,5,0,8 35 6,0,70,,25967,5,0,5 6,0,30,,25976,5,0,8 35 6,0,70,,25966,5,0,5 6,0,30,,25977,5,0,8 35 6,0,70,,25965,5,0,5 6,0,30,,25984,5,0,8 35 6,0,70,,25964,5,0,5 6,0,30,,25985,5,0,8 35 6,0,70,,25963,5,0,5 6,0,30,,25962,5,0,8 35 6,0,70,,25957,5,0,5 6,0,30,,25961,5,0,8 35 6,0,70,,25956,5,0,5 6,0,30,,25960,5,0,8 35 6,0,70,,25955,5,0,5 6,0,30,,25959,5,0,8 35 6,0,70,,25954,5,0,5 6,0,30,,25958,5,0,8 35 6,0,70,,25953,5,0,5 6,0,30,,25952,5,0,8 35 6,0,70,,25951,5,0,5 6,0
