554901,'1_merged_2137307',508,,3718,,,0,30,,3716,,,0,70,,3723,,,0,30,,3722,,,0,71,,3746,,,0,30,,3717,,,0,70,,3719,,,0,30,,3720,,,0,69,,3721,,,0,36,,3724,,,0,70,,3732,,,0,30,,3733,,,0,70,,3734,,,0,30,,3729,,,0,70,,3730,,,0,30,,3731,,,0,70,,3725,,,0,30,,3726,,,0,70,,3727,,,0,30,,3747,,,0,70,,3740,,,0,30,,3741,,,0,70,,3737,,,0,30,,3738,,,0,70,,3739,,,0,30,,3735,,,0,70,,3743,,,0,30,,3744,,,0,70,,3742,,,0,30,,3750,,,0,70,,3728,,,0,30,,3751,,,0,70,,3745,,,0,30,,3752,,,0,74,,3736,,,0,100,,3748,,,0,100,,3749,,,0
554901,'2_merged_2137309',507,,3753,,,0,30,,3775,,,0,70,,3782,,,0,30,,3776,,,0,70,,3777,,,0,30,,3761,,,0,70,,3762,,,0,30,,3763,,,0,70,,3759,,,0,30,,3760,,,0,70,,3758,,,0,30,,3767,,,0,70,,3768,,,0,30,,3769,,,0,70,,3764,,,0,30,,3765,,,0,70,,3766,,,0,30,,3755,,,0,70,,3756,,,0,30,,3772,,,0,70,,3773,,,0,30,,3757,,,0,70,,3774,,,0,30,,3770,,,0,70,,3771,,,0,30,,3780,,,0,70,,3781,,,0,30,,3778,,,0,69,,3779,,,0,30,,3787,,,0,70,,3788,,,0,30,,3783,,,0,70,,3789,,,0,100,,3784,,,0,100,,3785,,,0,100,,3786,,,0,100,,3754,,,0
554901,'3_merged_2137308',507,,3790,,,0,30,,3811,,,0,70,,3818,,,0,30,,3812,,,0,70,,3813,,,0,30,,3797,,,0,70,,3798,,,0,30,,3799,,,0,70,,3795,,,0,30,,3796,,,0,70,,3794,,,0,30,,3803,,,0,70,,3804,,,0,30,,3805,,,0,70,,3800,,,0,30,,3801,,,0,70,,3802,,,0,30,,3791,,,0,70,,3792,,,0,30,,3808,,,0,70,,3809,,,0,30,,3793,,,0,70,,3810,,,0,30,,3806,,,0,70,,3807,,,0,30,,3816,,,0,70,,3817,,,0,30,,3814,,,0,69,,3815,,,0,30,,3823,,,0,70,,3824,,,0,30,,3819,,,0,70,,3825,,,0,100,,3820,,,0,100,,3821,,,0,100,,3822,,,0
555401,'1_merged_2137307',504,,4965,,,0,20,,4964,,,0,20,,4963,,,0,60,,4962,,,0,20,,4961,,,0,16,,4960,,,0,16,,4959,,,0,53,,4958,,,0,15,,4957,,,0,15,,4956,,,0,15,,4955,,,0,55,,4954,,,0,15,,4953,,,0,15,,4952,,,0,16,,4951,,,0,56,,4950,,,0,16,,4949,,,0,15,,4948,,,0,15,,4947,,,0,55,,4946,,,0,15,,4945,,,0,15,,4944,,,0,15,,4943,,,0,55,,4942,,,0,15,,4941,,,0,15,,4940,,,0,15,,4939,,,0,55,,4938,,,0,15,,4937,,,0,15,,4936,,,0,15,,4935,,,0,55,,4934,,,0,12,,4933,,,0,17,,4932,,,0,15,,4931,,,0,55,,4930,,,0,15,,4929,,,0,15,,4928,,,0,15,,4927,,,0,55,,4926,,,0,15,,4925,,,0,15,,4924,,,0,15,,4923,,,0,55,,4922,,,0,15,,4921,,,0,15,,4920,,,0,15,,4919,,,0,55,,4918,,,0,15,,4917,,,0,15,,4916,,,0,15,,4915,,,0,55,,4914,,,0,30,,4913,,,0,78,,4912,,,0,30,,4911,,,0,70,,4910,,,0,30,,4909,,,0,70,,4908,,,0,30,,4907,,,0,71,,4906,,,0,30,,4905,,,0,70,,4904,,,0,30,,4903,,,0,70,,4902,,,0,21,,4901,,,0
555401,'2_merged_2137309',515,,4966,,,0,30,,4967,,,0,70,,4968,,,0,30,,4969,,,0,70,,4970,,,0,30,,4971,,,0,70,,4972,,,0,30,,4973,,,0,69,,4974,,,0,30,,4975,,,0,70,,4976,,,0,30,,4977,,,0,70,,4978,,,0,30,,4979,,,0,70,,4980,,,0,30,,4981,,,0,70,,4982,,,0,30,,4983,,,0,70,,4984,,,0,30,,4985,,,0,70,,4986,,,0,30,,4987,,,0,70,,4988,,,0,30,,4989,,,0,70,,4990,,,0,30,,4991,,,0,70,,4992,,,0,36,,4993,,,0,70,,4994,,,0,30,,4995,,,0,70,,4996,,,0,30,,4997,,,0,70,,4998,,,0,32,,4999,,,0,70,,5000,,,0,30,,5001,,,0,70,,5002,,,0,30,,5003,,,0,70,,5004,,,0
555401,'3_merged_2137308',536,,5005,,,0,70,,5006,,,0,30,,5007,,,0,70,,5008,,,0,30,,5009,,,0,70,,5010,,,0,30,,5011,,,0,67,,5012,,,0,30,,5013,,,0,70,,5014,,,0,30,,5015,,,0,70,,5016,,,0,30,,5017,,,0,70,,5018,,,0,30,,5019,,,0,70,,5020,,,0,30,,5021,,,0,70,,5022,,,0,30,,5023,,,0,70,,5024,,,0,30,,5025,,,0,70,,5026,,,0,30,,5027,,,0,70,,5028,,,0,30,,5029,,,0,70,,5030,,,0,30,,5031,,,0,72,,5032,,,0,30,,5033,,,0,70,,5034,,,0,30,,5035,,,0,70,,5036,,,0,30,,5037,,,0,70,,5038,,,0,30,,5039,,,0,65,,5040,,,0,22,,5041,,,0
556601,'1601_merged_2137313',712,,8187,0,27 45 35,0
556601,'1_merged_2137307',518,,8188,,,0,29,,8189,,,0,70,,8190,,,0,29,,8191,,,0,70,,8192,,,0,30,,8193,,,0,60,,8194,,,0,20,,8195,,,0,20,,8196,,,0,55,,8197,,,0,15,,8198,,,0,15,,8199,,,0,14,,8200,,,0,70,,8201,,,0,30,,8202,,,0,70,,8203,,,0,30,,8204,,,0,70,,8205,,,0,30,,8206,,,0,70,,8207,,,0,29,,8208,,,0,70,,8209,,,0,30,,8210,,,0,15,,8211,,,0,55,,8212,,,0,15,,8213,,,0,15,,8214,,,0,15,,8215,,,0,55,,8240,,,0,15,,8216,,,0,15,,8217,,,0,15,,8218,,,0,55,,8219,,,0,15,,8220,,,0,15,,8221,,,0,15,,8222,,,0,55,,8223,,,0,15,,8224,,,0,17,,8225,,,0,55,,8226,,,0,20,,8227,,,0,25,,8228,,,0,70,,8229,,,0,30,,8230,,,0,70,,8231,,,0,30,,8232,,,0,70,,8237,,,0,33,,8233,,,0,70,,8234,,,0,30,,8238,,,0,70,,8235,,,0,30,,8239,,,0,77,,8236,,,0
556601,'2_merged_2137309',507,,8244,,,0,30,,8243,,,0,70,,8242,,,0,26,,8263,,,0,70,,8261,,,0,30,,8262,,,0,70,,8260,,,0,30,,8264,,,0,70,,8259,,,0,30,,8267,,,0,70,,8258,,,0,30,,8275,,,0,70,,8257,,,0,30,,8274,,,0,70,,8256,,,0,30,,8273,,,0,70,,8255,,,0,30,,8272,,,0,70,,8254,,,0,30,,8271,,,0,70,,8253,,,0,30,,8270,,,0,70,,8252,,,0,30,,8269,,,0,70,,8251,,,0,30,,8268,,,0,70,,8250,,,0,30,,8266,,,0,70,,8265,,,0,30,,8249,,,0,70,,8276,,,0,30,,8277,,,0,70,,8278,,,0,30,,8279,,,0,70,,8280,,,0,30,,8248,,,0,70,,8247,,,0,30,,8246,,,0,70,,8281,,,0,30,,8245,,,0,70,,8241,,,0
556601,'3_merged_2137308',633,,8299,,,0,70,,8297,,,0,30,,8298,,,0,70,,8296,,,0,30,,8300,,,0,70,,8295,,,0,30,,8303,,,0,70,,8294,,,0,30,,8311,,,0,70,,8293,,,0,30,,8310,,,0,70,,8292,,,0,30,,8309,,,0,70,,8291,,,0,30,,8308,,,0,70,,8290,,,0,30,,8307,,,0,70,,8289,,,0,30,,8306,,,0,70,,8288,,,0,30,,8305,,,0,70,,8287,,,0,30,,8304,,,0,70,,8286,,,0,30,,8302,,,0,70,,8301,,,0,30,,8285,,,0,70,,8312,,,0,30,,8313,,,0,70,,8314,,,0,30,,8315,,,0,70,,8316,,,0,30,,8284,,,0,70,,8283,,,0,30,,8282,,,0,79,,8317,,,0
556700,'1_merged_2137307',602,,8379,,,0,25,,8377,,,0,17,,8375,,,0,15,,8374,,,0,55,,8373,,,0,15,,8372,,,0,15,,8371,,,0,15,,8370,,,0,55,,8369,,,0,15,,8368,,,0,15,,8367,,,0,56,,8366,,,0,15,,8365,,,0,15,,8364,,,0,21,,8363,,,0,60,,8362,,,0,30,,8361,,,0,70,,8360,,,0,30,,8359,,,0,70,,8358,,,0,30,,8357,,,0,70,,8356,,,0,30,,8354,,,0,64,,8352,,,0,29,,8350,,,0,15,,8349,,,0,55,,8348,,,0,15,,8347,,,0,10,,8346,,,0,15,,8345,,,0,15,,8344,,,0,55,,8343,,,0,15,,8342,,,0,15,,8341,,,0,15,,8340,,,0,55,,8339,,,0,15,,8338,,,0,15,,8337,,,0,15,,8336,,,0,55,,8335,,,0,20,,8334,,,0,70,,8333,,,0,30,,8332,,,0,70,,8331,,,0,30,,8330,,,0,70,,8329,,,0,30,,8328,,,0,70,,8327,,,0,30,,8326,,,0,70,,8325,,,0,30,,8324,,,0,70,,8323,,,0,30,,8319,,,0,70,,8322,,,0,25,,8321,0,26 10,0,97,,8320,0,42 4 27 37 35,0
556700,'2_merged_2137309',539,,8385,,,0,70,,8423,,,0,30,,8422,,,0,75,,8421,,,0,30,,8420,,,0,70,,8419,,,0,30,,8418,,,0,70,,8417,,,0,30,,8416,,,0,70,,8415,,,0,29,,8414,,,0,70,,8413,,,0,30,,8412,,,0,70,,8411,,,0,30,,8410,,,0,70,,8409,,,0,30,,8408,,,0,70,,8407,,,0,30,,8406,,,0,70,,8405,,,0,30,,8404,,,0,70,,8403,,,0,30,,8402,,,0,70,,8401,,,0,30,,8400,,,0,70,,8399,,,0,30,,8398,,,0,72,,8397,,,0,30,,8396,,,0,70,,8395,,,0,30,,8394,,,0,70,,8393,,,0,30,,8392,,,0,70,,8391,,,0,30,,8390,,,0,70,,8389,,,0,30,,8388,,,0,70,,8387,,,0,43,,8386,,,0
556700,'3_merged_2137308',632,,8460,,,0,70,,8447,,,0,40,,8459,,,0,70,,8446,,,0,30,,8458,,,0,70,,8445,,,0,30,,8457,,,0,70,,8444,,,0,31,,8456,,,0,70,,8443,,,0,30,,8455,,,0,70,,8442,,,0,30,,8454,,,0,70,,8441,,,0,30,,8453,,,0,70,,8440,,,0,30,,8452,,,0,70,,8439,,,0,30,,8451,,,0,70,,8438,,,0,30,,8450,,,0,70,,8437,,,0,30,,8449,,,0,70,,8436,,,0,33,,8448,,,0,70,,8426,,,0,30,,8435,,,0,70,,8429,,,0,30,,8434,,,0,70,,8428,,,0,30,,8433,,,0,70,,8427,,,0,30,,8432,,,0,70,,8425,,,0,30,,8431,,,0,70,,8424,,,0,30,,8430,0,42 4 27 37 35,0
556701,'1601_merged_2137313',836,,8461,0,43 44,0
556701,'1_merged_2137307',431,,8523,,,0,28,,8522,,,0,77,,8521,,,0,15,,8520,,,0,51,,8519,,,0,4,,8518,,,0,26,,8517,,,0,4,,8516,,,0,20,,8515,,,0,50,,8514,,,0,12,,8513,,,0,14,,8512,,,0,15,,8511,,,0,55,,8510,,,0,15,,8509,,,0,15,,8508,,,0,15,,8507,,,0,55,,8506,,,0,15,,8505,,,0,15,,8504,,,0,13,,8503,,,0,70,,8502,,,0,30,,8501,,,0,70,,8500,,,0,30,,8499,,,0,70,,8498,,,0,30,,8497,,,0,68,,8496,,,0,15,,8495,,,0,15,,8494,,,0,15,,8493,,,0,57,,8492,,,0,15,,8491,,,0,15,,8490,,,0,57,,8489,,,0,15,,8488,,,0,15,,8487,,,0,15,,8486,,,0,55,,8485,,,0,15,,8484,,,0,15,,8483,,,0,15,,8482,,,0,55,,8481,,,0,15,,8480,,,0,15,,8479,,,0,15,,8478,,,0,60,,8477,,,0,20,,8476,,,0,25,,8475,,,0,63,,8474,,,0,30,,8473,,,0,70,,8472,,,0,30,,8471,,,0,70,,8470,,,0,30,,8469,,,0,70,,8468,,,0,30,,8467,,,0,70,,8466,,,0,30,,8463,,,0,70,,8465,,,0,30,,8462,,,0,70,,8464,,,0
556701,'2_merged_2137309',549,,8524,,,0,70,,8563,,,0,30,,8562,,,0,70,,8561,,,0,25,,8549,,,0,70,,8560,,,0,30,,8548,,,0,70,,8559,,,0,30,,8547,,,0,70,,8558,,,0,32,,8546,,,0,70,,8557,,,0,30,,8545,,,0,70,,8544,,,0,30,,8543,,,0,70,,8542,,,0,30,,8541,,,0,70,,8540,,,0,30,,8539,,,0,70,,8556,,,0,30,,8538,,,0,70,,8555,,,0,30,,8537,,,0,70,,8554,,,0,30,,8536,,,0,70,,8535,,,0,30,,8534,,,0,70,,8553,,,0,28,,8533,,,0,70,,8532,,,0,30,,8531,,,0,70,,8530,,,0,30,,8529,,,0,70,,8528,,,0,30,,8527,,,0,70,,8552,,,0,30,,8551,,,0,70,,8526,,,0,30,,8550,,,0,85,,8525,,,0
556701,'3_merged_2137308',610,,8600,,,0,30,,8599,,,0,70,,8564,,,0,30,,8598,,,0,76,,8581,,,0,24,,8597,,,0,76,,8580,,,0,30,,8596,,,0,70,,8579,,,0,30,,8595,,,0,70,,8578,,,0,30,,8594,,,0,70,,8577,,,0,30,,8593,,,0,70,,8576,,,0,30,,8592,,,0,70,,8575,,,0,30,,8591,,,0,70,,8574,,,0,30,,8590,,,0,70,,8573,,,0,30,,8589,,,0,70,,8572,,,0,30,,8588,,,0,70,,8571,,,0,30,,8587,,,0,70,,8570,,,0,30,,8586,,,0,70,,8569,,,0,30,,8585,,,0,70,,8568,,,0,30,,8584,,,0,70,,8567,,,0,30,,8583,,,0,70,,8566,,,0,30,,8582,,,0,70,,8565,,,0
