555401,'1601',859,,4900,,,0,98,,4899,,,0
555401,'1',538,,4965,,,0,20,,4964,,,0,60,,4963,,,0,20,,4962,,,0,20,,4961,,,0,56,,4960,,,0,16,,4959,,,0,18,,4958,,,0,55,,4957,,,0,15,,4956,,,0,15,,4955,,,0,15,,4954,,,0,55,,4953,,,0,15,,4952,,,0,16,,4951,,,0,16,,4950,,,0,53,,4949,,,0,15,,4948,,,0,15,,4947,,,0,15,,4946,,,0,55,,4945,,,0,15,,4944,,,0,15,,4943,,,0,15,,4942,,,0,55,,4941,,,0,15,,4940,,,0,15,,4939,,,0,15,,4938,,,0,55,,4937,,,0,15,,4936,,,0,15,,4935,,,0,15,,4934,,,0,55,,4933,,,0,17,,4932,,,0,15,,4931,,,0,15,,4930,,,0,55,,4929,,,0,15,,4928,,,0,15,,4927,,,0,15,,4926,,,0,55,,4925,,,0,15,,4924,,,0,15,,4923,,,0,15,,4922,,,0,55,,4921,,,0,15,,4920,,,0,15,,4919,,,0,15,,4918,,,0,55,,4917,,,0,15,,4916,,,0,15,,4915,,,0,15,,4914,,,0,70,,4913,,,0,32,,4912,,,0,70,,4911,,,0,30,,4910,,,0,70,,4909,,,0,30,,4908,,,0,70,,4907,,,0,28,,4906,,,0,70,,4905,,,0,30,,4904,,,0,70,,4903,,,0,30,,4902,,,0,61,,4901,,,0
555401,'2',546,,4966,,,0,70,,4967,,,0,30,,4968,,,0,70,,4969,,,0,30,,4970,,,0,70,,4971,,,0,30,,4972,,,0,70,,4973,,,0,33,,4974,,,0,70,,4975,,,0,30,,4976,,,0,70,,4977,,,0,30,,4978,,,0,70,,4979,,,0,30,,4980,,,0,70,,4981,,,0,30,,4982,,,0,70,,4983,,,0,30,,4984,,,0,70,,4985,,,0,30,,4986,,,0,70,,4987,,,0,30,,4988,,,0,70,,4989,,,0,30,,4990,,,0,70,,4991,,,0,30,,4992,,,0,72,,4993,,,0,30,,4994,,,0,70,,4995,,,0,30,,4996,,,0,70,,4997,,,0,30,,4998,,,0,70,,4999,,,0,30,,5000,,,0,70,,5001,,,0,30,,5002,,,0,70,,5003,,,0,30,,5004,,,0
555401,'3',605,,5005,,,0,30,,5006,,,0,70,,5007,,,0,30,,5008,,,0,70,,5009,,,0,30,,5010,,,0,70,,5011,,,0,31,,5012,,,0,70,,5013,,,0,30,,5014,,,0,70,,5015,,,0,30,,5016,,,0,70,,5017,,,0,30,,5018,,,0,70,,5019,,,0,30,,5020,,,0,70,,5021,,,0,30,,5022,,,0,70,,5023,,,0,30,,5024,,,0,70,,5025,,,0,30,,5026,,,0,70,,5027,,,0,30,,5028,,,0,70,,5029,,,0,30,,5030,,,0,70,,5031,,,0,27,,5032,,,0,70,,5033,,,0,30,,5034,,,0,70,,5035,,,0,30,,5036,,,0,70,,5037,,,0,30,,5038,,,0,70,,5039,,,0,25,,5040,,,0,22,,5041,,,0
555501,'1',528,,5239,,,0,20,,5238,,,0,60,,5237,,,0,20,,5236,,,0,18,,5235,,,0,55,,5234,,,0,15,,5233,,,0,12,,5232,,,0,15,,5231,,,0,15,,5230,,,0,55,,5229,,,0,15,,5228,,,0,15,,5227,,,0,15,,5226,,,0,55,,5225,,,0,15,,5224,,,0,15,,5223,,,0,15,,5222,,,0,55,,5221,,,0,17,,5220,,,0,20,,5219,,,0,60,,5218,,,0,20,,5217,,,0,20,,5216,,,0,60,,5215,,,0,20,,5214,,,0,20,,5213,,,0,60,,5212,,,0,20,,5211,,,0,20,,5210,,,0,61,,5209,,,0,19,,5208,,,0,14,,5207,,,0,56,,5206,,,0,14,,5205,,,0,15,,5204,,,0,15,,5203,,,0,15,,5202,,,0,55,,5201,,,0,15,,5200,,,0,15,,5199,,,0,15,,5198,,,0,55,,5197,,,0,15,,5196,,,0,15,,5195,,,0,15,,5194,,,0,60,,5193,,,0,30,,5192,,,0,69,,5191,,,0,30,,5190,,,0,70,,5189,,,0,30,,5188,,,0,70,,5187,,,0,30,,5186,,,0,70,,5185,,,0,30,,5184,,,0,70,,5183,,,0,30,,5182,,,0,70,,5181,,,0,87,,5180,,,0,33,,5179,,,0
555501,'2',606,,5245,,,0,34,,5247,,,0,70,,5250,,,0,30,,5267,,,0,70,,5254,,,0,30,,5253,,,0,70,,5248,,,0,28,,5243,,,0,70,,5242,,,0,30,,5249,,,0,70,,5244,,,0,30,,5246,,,0,70,,5240,,,0,30,,5278,,,0,70,,5274,,,0,30,,5275,,,0,70,,5241,,,0,30,,5277,,,0,70,,5276,,,0,30,,5273,,,0,70,,5269,,,0,30,,5268,,,0,70,,5265,,,0,30,,5262,,,0,70,,5261,,,0,32,,5271,,,0,70,,5272,,,0,30,,5270,,,0,70,,5260,,,0,30,,5259,,,0,70,,5257,,,0,30,,5264,,,0,70,,5263,,,0,30,,5266,,,0,70,,5252,,,0,30,,5251,,,0,70,,5258,,,0,30,,5256,,,0,70,,5255,,,0
555501,'3',611,,5309,,,0,35,,5310,,,0,73,,5308,,,0,30,,5311,,,0,70,,5307,,,0,30,,5312,,,0,70,,5306,,,0,28,,5305,,,0,70,,5304,,,0,30,,5303,,,0,70,,5302,,,0,30,,5301,,,0,70,,5300,,,0,30,,5299,,,0,70,,5298,,,0,30,,5297,,,0,70,,5296,,,0,30,,5295,,,0,70,,5294,,,0,30,,5293,,,0,70,,5292,,,0,30,,5291,,,0,70,,5290,,,0,30,,5289,,,0,70,,5288,,,0,30,,5287,,,0,70,,5313,,,0,30,,5286,,,0,70,,5314,,,0,30,,5285,,,0,70,,5284,,,0,30,,5283,,,0,70,,5282,,,0,32,,5281,,,0,70,,5280,,,0,30,,5279,,,0
555601,'1',500,,5522,,,0,20,,5521,,,0,20,,5520,,,0,18,,5519,,,0,54,,5518,,,0,15,,5517,,,0,15,,5516,,,0,15,,5515,,,0,55,,5514,,,0,15,,5513,,,0,15,,5512,,,0,15,,5511,,,0,55,,5510,,,0,15,,5509,,,0,15,,5508,,,0,15,,5507,,,0,55,,5506,,,0,15,,5505,,,0,16,,5504,,,0,57,,5503,,,0,20,,5502,,,0,20,,5501,,,0,60,,5500,,,0,20,,5499,,,0,20,,5498,,,0,60,,5497,,,0,20,,5496,,,0,20,,5495,,,0,60,,5494,,,0,20,,5493,,,0,20,,5492,,,0,60,,5491,,,0,20,,5490,,,0,20,,5489,,,0,15,,5488,,,0,55,,5487,,,0,15,,5486,,,0,15,,5485,,,0,15,,5484,,,0,55,,5483,,,0,15,,5482,,,0,15,,5481,,,0,15,,5480,,,0,55,,5479,,,0,15,,5478,,,0,20,,5477,,,0,60,,5476,,,0,28,,5475,,,0,70,,5474,,,0,27,,5473,,,0,70,,5472,,,0,30,,5471,,,0,70,,5470,,,0,30,,5469,,,0,28,,5468,,,0,65,,5467,,,0,30,,5466,,,0,70,,5465,,,0,25,,5464,,,0,70,,5463,,,0,28,,5462,,,0,70,,5461,,,0
555601,'2',541,,5559,,,0,70,,5558,,,0,32,,5557,,,0,70,,5556,,,0,30,,5555,,,0,70,,5554,,,0,30,,5553,,,0,65,,5552,,,0,20,,5551,,,0,20,,5550,,,0,60,,5549,,,0,20,,5548,,,0,20,,5547,,,0,60,,5546,,,0,20,,5545,,,0,20,,5544,,,0,60,,5543,,,0,20,,5542,,,0,20,,5541,,,0,60,,5540,,,0,20,,5539,,,0,20,,5538,,,0,60,,5537,,,0,20,,5536,,,0,20,,5535,,,0,60,,5534,,,0,20,,5533,,,0,20,,5532,,,0,60,,5531,,,0,20,,5530,,,0,20,,5529,,,0,60,,5528,,,0,22,,5523,,,0,70,,5527,,,0,29,,5526,,,0,30,,5525,,,0,70,,5524,,,0,30,,5571,,,0,70,,5570,,,0,30,,5569,,,0,70,,5568,,,0,28,,5567,,,0,66,,5566,,,0,30,,5565,,,0,70,,5564,,,0,30,,5563,,,0,70,,5562,,,0,30,,5561,,,0,70,,5560,,,0
555601,'3',608,,5584,,,0,30,,5583,,,0,70,,5585,,,0,30,,5582,,,0,70,,5586,,,0,30,,5581,,,0,65,,5588,,,0,25,,5587,,,0,30,,5589,,,0,70,,5590,,,0,30,,5591,,,0,70,,5592,,,0,30,,5593,,,0,70,,5594,,,0,30,,5595,,,0,70,,5596,,,0,30,,5597,,,0,70,,5598,,,0,30,,5599,,,0,70,,5600,,,0,30,,5601,,,0,70,,5602,,,0,30,,5603,,,0,70,,5604,,,0,28,,5608,,,0,70,,5605,,,0,30,,5580,,,0,70,,5606,,,0,30,,5579,,,0,70,,5607,,,0,31,,5578,,,0,67,,5577,,,0,30,,5576,,,0,59,,5574,,,0,30,,5575,,,0,70,,5573,,,0,30,,5572,,,0
555701,'1601',1517,,5752,,,0,30,,5753,,,0
555701,'1',524,,5812,,,0,22,,5811,,,0,60,,5810,,,0,20,,5809,,,0,20,,5808,,,0,59,,5807,,,0,15,,5806,,,0,15,,5805,,,0,15,,5804,,,0,55,,5803,,,0,15,,5802,,,0,15,,5801,,,0,15,,5800,,,0,60,,5799,,,0,20,,5798,,,0,20,,5797,,,0,59,,5796,,,0,20,,5795,,,0,20,,5794,,,0,60,,5793,,,0,20,,5792,,,0,20,,5791,,,0,60,,5790,,,0,20,,5789,,,0,20,,5788,,,0,60,,5787,,,0,20,,5786,,,0,20,,5785,,,0,56,,5784,,,0,15,,5783,,,0,15,,5782,,,0,15,,5781,,,0,55,,5780,,,0,15,,5779,,,0,15,,5778,,,0,15,,5777,,,0,55,,5776,,,0,15,,5775,,,0,15,,5774,,,0,15,,5773,,,0,55,,5772,,,0,15,,5771,,,0,15,,5770,,,0,15,,5769,,,0,69,,5768,,,0,30,,5767,,,0,66,,5766,,,0,28,,5765,,,0,70,,5764,,,0,30,,5763,,,0,70,,5762,,,0,30,,5761,,,0,69,,5760,,,0,25,,5759,,,0,70,,5758,,,0,30,,5757,,,0,70,,5756,,,0,32,,5755,,,0,70,,5754,,,0
555701,'2',556,,5818,,,0,72,,5817,,,0,30,,5816,,,0,70,,5815,,,0,30,,5861,,,0,70,,5860,,,0,30,,5859,,,0,60,,5858,,,0,20,,5857,,,0,20,,5856,,,0,60,,5855,,,0,20,,5854,,,0,20,,5853,,,0,60,,5852,,,0,20,,5851,,,0,20,,5850,,,0,60,,5849,,,0,20,,5848,,,0,20,,5847,,,0,60,,5846,,,0,20,,5845,,,0,20,,5844,,,0,60,,5843,,,0,20,,5842,,,0,20,,5841,,,0,60,,5840,,,0,20,,5839,,,0,20,,5838,,,0,60,,5837,,,0,20,,5836,,,0,20,,5835,,,0,60,,5834,,,0,20,,5814,,,0,20,,5813,,,0,60,,5833,,,0,26,,5832,,,0,70,,5831,,,0,30,,5830,,,0,70,,5829,,,0,30,,5828,,,0,70,,5827,,,0,30,,5826,,,0,64,,5825,,,0,30,,5824,,,0,70,,5823,,,0,30,,5822,,,0,70,,5821,,,0,30,,5820,,,0,73,,5819,,,0
555701,'3',630,,5892,,,0,29,,5893,,,0,70,,5891,,,0,30,,5894,,,0,70,,5890,,,0,30,,5889,,,0,79,,5888,,,0,70,,5887,,,0,30,,5886,,,0,70,,5885,,,0,30,,5884,,,0,70,,5883,,,0,30,,5882,,,0,70,,5881,,,0,30,,5880,,,0,70,,5879,,,0,30,,5878,,,0,70,,5877,,,0,30,,5876,,,0,70,,5875,,,0,30,,5874,,,0,70,,5873,,,0,30,,5872,,,0,68,,5895,,,0,30,,5871,,,0,70,,5896,,,0,30,,5870,,,0,70,,5897,,,0,30,,5869,,,0,68,,5868,,,0,30,,5867,,,0,68,,5866,,,0,30,,5865,,,0,70,,5864,,,0,30,,5863,,,0,24,,5862,,,0
555801,'1',529,,6134,,,0,20,,6133,,,0,60,,6132,,,0,20,,6131,,,0,20,,6130,,,0,57,,6129,,,0,16,,6128,,,0,14,,6127,,,0,12,,6126,,,0,52,,6125,,,0,12,,6124,,,0,12,,6123,,,0,12,,6122,,,0,14,,6121,,,0,52,,6120,,,0,12,,6119,,,0,12,,6118,,,0,13,,6117,,,0,15,,6116,,,0,55,,6115,,,0,15,,6114,,,0,15,,6113,,,0,15,,6112,,,0,55,,6111,,,0,15,,6110,,,0,15,,6109,,,0,15,,6108,,,0,55,,6107,,,0,15,,6106,,,0,15,,6105,,,0,15,,6104,,,0,55,,6103,,,0,15,,6102,,,0,15,,6101,,,0,15,,6100,,,0,56,,6099,,,0,15,,6098,,,0,15,,6097,,,0,15,,6096,,,0,55,,6095,,,0,12,,6094,,,0,12,,6093,,,0,12,,6092,,,0,12,,6091,,,0,52,,6090,,,0,12,,6089,,,0,12,,6088,,,0,12,,6087,,,0,12,,6086,,,0,52,,6085,,,0,12,,6084,,,0,12,,6083,,,0,12,,6082,,,0,12,,6081,,,0,52,,6080,,,0,11,,6079,,,0,12,,6078,,,0,12,,6077,,,0,12,,6076,,,0,54,,6075,,,0,14,,6074,,,0,15,,6073,,,0,15,,6072,,,0,54,,6071,,,0,18,,6070,,,0,12,,6069,,,0,14,,6068,,,0,60,,6067,,,0,20,,6066,,,0,20,,6065,,,0,61,,6064,,,0,20,,6063,,,0,20,,6062,,,0,70,,6061,,,0,30,,6060,,,0,97,,6059,,,0
555801,'2',530,,6151,,,0,29,,6150,,,0,71,,6149,,,0,70,,6148,,,0,30,,6147,,,0,70,,6146,,,0,30,,6145,,,0,70,,6144,,,0,30,,6143,,,0,20,,6142,,,0,65,,6141,,,0,20,,6140,,,0,20,,6139,,,0,60,,6138,,,0,20,,6137,,,0,20,,6136,,,0,62,,6135,,,0,20,,6182,,,0,20,,6181,,,0,55,,6180,,,0,20,,6179,,,0,20,,6178,,,0,60,,6177,,,0,20,,6176,,,0,20,,6175,,,0,60,,6174,,,0,20,,6173,,,0,20,,6172,,,0,60,,6171,,,0,20,,6170,,,0,20,,6169,,,0,60,,6168,,,0,20,,6167,,,0,20,,6166,,,0,60,,6165,,,0,21,,6164,,,0,70,,6163,,,0,30,,6162,,,0,70,,6161,,,0,30,,6160,,,0,70,,6159,,,0,28,,6158,,,0,70,,6157,,,0,30,,6156,,,0,70,,6155,,,0,30,,6154,,,0,22,,6153,,,0,100,,6152,,,0
555801,'3',623,,6217,,,0,36,,6186,,,0,70,,6216,,,0,30,,6215,,,0,70,,6214,,,0,30,,6213,,,0,71,,6212,,,0,70,,6211,,,0,33,,6210,,,0,70,,6209,,,0,30,,6208,,,0,70,,6207,,,0,30,,6206,,,0,70,,6205,,,0,30,,6204,,,0,70,,6203,,,0,30,,6202,,,0,70,,6201,,,0,30,,6200,,,0,70,,6199,,,0,30,,6198,,,0,70,,6197,,,0,30,,6193,,,0,70,,6192,,,0,30,,6191,,,0,70,,6190,,,0,30,,6189,,,0,70,,6188,,,0,30,,6187,,,0,70,,6196,,,0,33,,6183,,,0,70,,6195,,,0,30,,6185,,,0,70,,6194,,,0,30,,6184,,,0
555901,'1',544,,6455,,,0,60,,6454,,,0,20,,6453,,,0,22,,6452,,,0,64,,6451,,,0,14,,6450,,,0,12,,6449,,,0,11,,6448,,,0,12,,6447,,,0,52,,6446,,,0,12,,6445,,,0,12,,6444,,,0,12,,6443,,,0,11,,6442,,,0,52,,6441,,,0,12,,6440,,,0,12,,6439,,,0,15,,6438,,,0,55,,6437,,,0,15,,6436,,,0,15,,6435,,,0,15,,6434,,,0,55,,6433,,,0,15,,6432,,,0,15,,6431,,,0,15,,6430,,,0,55,,6429,,,0,15,,6428,,,0,15,,6427,,,0,15,,6426,,,0,55,,6425,,,0,15,,6424,,,0,15,,6423,,,0,15,,6422,,,0,55,,6421,,,0,15,,6420,,,0,15,,6419,,,0,15,,6418,,,0,54,,6417,,,0,13,,6416,,,0,12,,6415,,,0,12,,6414,,,0,12,,6413,,,0,52,,6412,,,0,12,,6411,,,0,12,,6410,,,0,12,,6409,,,0,12,,6408,,,0,52,,6407,,,0,12,,6406,,,0,12,,6405,,,0,12,,6404,,,0,12,,6403,,,0,52,,6402,,,0,14,,6401,,,0,12,,6400,,,0,15,,6399,,,0,56,,6397,,,0,16,,6396,,,0,17,,6395,,,0,16,,6394,,,0,59,,6393,,,0,14,,6392,,,0,20,,6390,,,0,60,,6389,,,0,20,,6388,,,0,20,,6387,,,0,73,,6386,,,0,30,,6385,,,0,63,,6384,,,0,41,,6383,,,0,70,,6382,,,0,91,,6380,,,0
555901,'2',556,,6493,,,0,68,,6492,,,0,26,,6491,,,0,70,,6490,,,0,30,,6489,,,0,70,,6488,,,0,30,,6487,,,0,71,,6486,,,0,20,,6485,,,0,60,,6484,,,0,20,,6483,,,0,20,,6482,,,0,60,,6481,,,0,20,,6480,,,0,20,,6479,,,0,62,,6478,,,0,22,,6477,,,0,18,,6476,,,0,60,,6475,,,0,20,,6474,,,0,20,,6473,,,0,60,,6472,,,0,20,,6471,,,0,20,,6470,,,0,60,,6469,,,0,20,,6468,,,0,20,,6467,,,0,60,,6466,,,0,20,,6465,,,0,20,,6464,,,0,60,,6463,,,0,20,,6462,,,0,20,,6461,,,0,60,,6460,,,0,15,,6459,,,0,30,,6458,,,0,70,,6457,,,0,30,,6456,,,0,70,,6502,,,0,30,,6501,,,0,70,,6500,,,0,28,,6499,,,0,70,,6498,,,0,28,,6497,,,0,70,,6496,,,0,30,,6495,,,0,75,,6494,,,0
555901,'3',615,,6540,,,0,30,,6508,,,0,70,,6539,,,0,30,,6538,,,0,70,,6537,,,0,30,,6536,,,0,70,,6535,,,0,30,,6534,,,0,70,,6533,,,0,30,,6532,,,0,73,,6531,,,0,30,,6530,,,0,70,,6529,,,0,30,,6528,,,0,70,,6527,,,0,30,,6526,,,0,70,,6525,,,0,30,,6524,,,0,70,,6523,,,0,30,,6522,,,0,70,,6521,,,0,30,,6520,,,0,70,,6519,,,0,30,,6515,,,0,70,,6514,,,0,30,,6513,,,0,70,,6512,,,0,30,,6511,,,0,70,,6510,,,0,30,,6509,,,0,70,,6507,,,0,33,,6518,,,0,70,,6506,,,0,30,,6517,,,0,70,,6505,,,0,30,,6516,,,0
556001,'1',446,,6762,,,0,56,,6761,,,0,6,,6760,,,0,9,,6759,,,0,20,,6758,,,0,10,,6757,,,0,2,,6756,,,0,7,,6755,,,0,1,,6754,,,0,1,,6753,,,0,53,,6752,,,0,12,,6751,,,0,15,,6750,,,0,15,,6749,,,0,55,,6748,,,0,15,,6747,,,0,15,,6746,,,0,15,,6745,,,0,55,,6744,,,0,15,,6743,,,0,15,,6742,,,0,15,,6741,,,0,56,,6740,,,0,15,,6739,,,0,25,,6738,,,0,70,,6737,,,0,30,,6736,,,0,70,,6735,,,0,30,,6734,,,0,70,,6733,,,0,30,,6732,,,0,70,,6731,,,0,30,,6730,,,0,70,,6729,,,0,30,,6728,,,0,69,,6727,,,0,15,,6726,,,0,15,,6725,,,0,55,,6724,,,0,15,,6723,,,0,15,,6722,,,0,15,,6721,,,0,55,,6720,,,0,15,,6719,,,0,15,,6718,,,0,15,,6717,,,0,55,,6716,,,0,30,,6715,,,0,68,,6714,,,0,30,,6713,,,0,72,,6712,,,0,30,,6711,,,0,70,,6710,,,0,30,,6709,,,0,70,,6708,,,0,30,,6707,,,0,70,,6706,,,0,34,,6705,,,0,70,,6704,,,0,30,,6703,,,0,76,,6702,,,0
556001,'2',504,,6763,,,0,4,,6769,,,0,30,,6770,,,0,70,,6771,,,0,30,,6772,,,0,70,,6773,,,0,30,,6774,,,0,70,,6775,,,0,30,,6776,,,0,70,,6777,,,0,20,,6778,,,0,20,,6779,,,0,60,,6780,,,0,20,,6781,,,0,20,,6787,,,0,60,,6786,,,0,20,,6798,,,0,20,,6795,,,0,60,,6794,,,0,20,,6796,,,0,20,,6790,,,0,60,,6788,,,0,20,,6789,,,0,20,,6791,,,0,60,,6803,,,0,20,,6802,,,0,20,,6801,,,0,60,,6800,,,0,20,,6799,,,0,20,,6797,,,0,60,,6782,,,0,20,,6785,,,0,20,,6784,,,0,60,,6783,,,0,20,,6805,,,0,20,,6806,,,0,60,,6804,,,0,20,,6813,,,0,20,,6793,,,0,70,,6792,,,0,30,,6807,,,0,70,,6808,,,0,30,,6809,,,0,70,,6810,,,0,30,,6811,,,0,70,,6812,,,0,30,,6764,,,0,75,,6765,,,0,30,,6766,,,0,70,,6767,,,0,30,,6768,,,0
556001,'3',503,,6822,,,0,18,,6849,,,0,23,,6854,,,0,7,,6840,,,0,57,,6821,,,0,12,,6850,,,0,30,,6831,,,0,70,,6851,,,0,30,,6830,,,0,70,,6852,,,0,30,,6829,,,0,70,,6853,,,0,29,,6848,,,0,70,,6826,,,0,30,,6846,,,0,70,,6832,,,0,30,,6843,,,0,70,,6833,,,0,30,,6834,,,0,70,,6828,,,0,30,,6827,,,0,70,,6847,,,0,30,,6842,,,0,70,,6845,,,0,30,,6841,,,0,70,,6844,,,0,30,,6839,,,0,70,,6836,,,0,30,,6838,,,0,70,,6825,,,0,30,,6837,,,0,71,,6824,,,0,30,,6835,,,0,70,,6823,,,0,30,,6820,,,0,70,,6819,,,0,30,,6818,,,0,71,,6817,,,0,30,,6816,,,0,70,,6815,,,0,30,,6814,,,0
556101,'1',529,,7043,,,0,20,,7042,,,0,60,,7041,,,0,20,,7040,,,0,20,,7039,,,0,60,,7038,,,0,15,,7037,,,0,19,,7036,,,0,15,,7035,,,0,55,,7034,,,0,18,,7033,,,0,20,,7032,,,0,60,,7031,,,0,19,,7030,,,0,20,,7029,,,0,60,,7028,,,0,20,,7027,,,0,20,,7026,,,0,60,,7025,,,0,20,,7024,,,0,20,,7023,,,0,60,,7022,,,0,20,,7021,,,0,20,,7020,,,0,60,,7019,,,0,20,,7018,,,0,20,,7017,,,0,60,,7016,,,0,15,,7015,,,0,15,,7014,,,0,15,,7013,,,0,55,,7012,,,0,15,,7011,,,0,15,,7010,,,0,15,,7009,,,0,55,,7008,,,0,15,,7007,,,0,15,,7006,,,0,15,,7005,,,0,55,,7004,,,0,15,,7003,,,0,15,,7002,,,0,15,,7001,,,0,55,,7000,,,0,30,,6999,,,0,70,,6998,,,0,30,,6997,,,0,70,,6996,,,0,26,,6995,,,0,70,,6994,,,0,45,,6993,,,0,80,,6992,,,0,80,,6991,,,0,40,,6990,,,0,80,,6989,,,0,80,,6988,,,0
556101,'2',528,,7047,,,0,30,,7046,,,0,70,,7082,,,0,30,,7081,,,0,70,,7080,,,0,30,,7079,,,0,70,,7078,,,0,30,,7077,,,0,75,,7076,,,0,70,,7075,,,0,30,,7074,,,0,70,,7073,,,0,30,,7072,,,0,70,,7071,,,0,30,,7070,,,0,70,,7069,,,0,30,,7068,,,0,70,,7067,,,0,30,,7066,,,0,70,,7065,,,0,30,,7064,,,0,70,,7063,,,0,30,,7062,,,0,70,,7061,,,0,30,,7060,,,0,70,,7059,,,0,30,,7058,,,0,70,,7057,,,0,30,,7056,,,0,70,,7055,,,0,26,,7054,,,0,30,,7053,,,0,70,,7052,,,0,30,,7051,,,0,70,,7050,,,0,80,,7049,,,0,40,,7048,,,0,80,,7045,,,0,80,,7044,,,0
556101,'3',615,,7118,,,0,30,,7117,,,0,70,,7116,,,0,30,,7115,,,0,70,,7114,,,0,30,,7113,,,0,70,,7112,,,0,34,,7111,,,0,70,,7110,,,0,30,,7109,,,0,70,,7108,,,0,30,,7107,,,0,70,,7106,,,0,30,,7105,,,0,70,,7104,,,0,30,,7103,,,0,70,,7102,,,0,30,,7101,,,0,70,,7100,,,0,30,,7099,,,0,70,,7098,,,0,30,,7097,,,0,70,,7096,,,0,30,,7095,,,0,70,,7094,,,0,30,,7093,,,0,70,,7092,,,0,30,,7091,,,0,70,,7090,,,0,25,,7089,,,0,70,,7088,,,0,35,,7087,,,0,80,,7086,,,0,80,,7085,,,0,40,,7084,,,0,75,,7083,,,0
556301,'1',501,,7569,,,0,35,,7568,,,0,23,,7567,,,0,62,,7566,,,0,19,,7565,,,0,60,,7564,,,0,20,,7563,,,0,17,,7562,,,0,15,,7561,,,0,55,,7560,,,0,15,,7559,,,0,15,,7558,,,0,15,,7557,,,0,55,,7556,,,0,15,,7555,,,0,15,,7554,,,0,15,,7553,,,0,55,,7552,,,0,17,,7551,,,0,20,,7550,,,0,60,,7549,,,0,20,,7548,,,0,20,,7547,,,0,60,,7546,,,0,20,,7545,,,0,20,,7544,,,0,60,,7543,,,0,20,,7542,,,0,20,,7541,,,0,60,,7540,,,0,16,,7539,,,0,12,,7538,,,0,15,,7537,,,0,55,,7536,,,0,15,,7535,,,0,15,,7534,,,0,15,,7533,,,0,55,,7532,,,0,15,,7531,,,0,15,,7530,,,0,15,,7529,,,0,55,,7528,,,0,15,,7527,,,0,18,,7526,,,0,15,,7525,,,0,55,,7524,,,0,15,,7523,,,0,15,,7522,,,0,15,,7521,,,0,55,,7520,,,0,15,,7519,,,0,15,,7518,,,0,20,,7517,,,0,60,,7516,,,0,20,,7515,,,0,20,,7514,,,0,60,,7513,,,0,20,,7512,,,0,16,,7511,,,0,70,,7510,,,0,30,,7509,,,0,70,,7508,,,0,30,,7507,,,0,68,,7506,,,0,28,,7505,,,0,68,,7504,,,0
556301,'2',538,,7595,,,0,70,,7602,,,0,30,,7582,,,0,70,,7581,,,0,30,,7580,,,0,70,,7579,,,0,30,,7597,,,0,70,,7596,,,0,29,,7613,,,0,70,,7585,,,0,24,,7584,,,0,20,,7583,,,0,60,,7588,,,0,20,,7587,,,0,20,,7586,,,0,60,,7594,,,0,20,,7593,,,0,20,,7592,,,0,60,,7591,,,0,20,,7590,,,0,20,,7589,,,0,60,,7578,,,0,20,,7575,,,0,20,,7604,,,0,60,,7603,,,0,20,,7605,,,0,20,,7608,,,0,60,,7607,,,0,20,,7610,,,0,20,,7609,,,0,60,,7606,,,0,21,,7615,,,0,20,,7601,,,0,60,,7599,,,0,20,,7598,,,0,20,,7600,,,0,60,,7574,,,0,30,,7573,,,0,70,,7577,,,0,30,,7576,,,0,70,,7611,,,0,30,,7614,,,0,70,,7570,,,0,30,,7618,,,0,70,,7617,,,0,30,,7616,,,0,70,,7572,,,0,30,,7571,,,0,70,,7612,,,0
556301,'3',616,,7619,,,0,33,,7620,,,0,70,,7621,,,0,30,,7622,,,0,70,,7623,,,0,30,,7624,,,0,70,,7625,,,0,30,,7626,,,0,70,,7627,,,0,31,,7628,,,0,69,,7629,,,0,31,,7630,,,0,69,,7631,,,0,31,,7632,,,0,69,,7633,,,0,31,,7634,,,0,69,,7635,,,0,30,,7636,,,0,71,,7637,,,0,29,,7638,,,0,71,,7639,,,0,29,,7640,,,0,71,,7641,,,0,31,,7642,,,0,70,,7643,,,0,30,,7644,,,0,69,,7645,,,0,31,,7646,,,0,69,,7647,,,0,31,,7648,,,0,69,,7649,,,0,31,,7650,,,0,67,,7651,,,0,31,,7652,,,0,69,,7653,,,0,31,,7654,,,0
