'1601merged2137304',552101,85900,4,'',0,76100,4,'',0
'1merged2137298',552100,54100,,'',0,1700,,'',0,5800,,'',0,1900,,'',0,2000,,'',0,5400,,'',0,1600,,'',0,1400,,'',0,1600,,'',0,5400,,'',0,1600,,'',0,1400,,'',0,1600,,'',0,5400,,'',0,1600,,'',0,1400,,'',0,6100,,'',0,1900,,'',0,2100,,'',0,1900,,'',0,6100,,'',0,1900,,'',0,6100,,'',0,1900,,'',0,2100,,'',0,1900,,'',0,5900,,'',0,1800,,'',0,2000,,'',0,5300,,'',0,1500,,'',0,1700,,'',0,1300,,'',0,5700,,'',0,1300,,'',0,1700,,'',0,1300,,'',0,5700,,'',0,1300,,'',0,1700,,'',0,1300,,'',0,5700,,'',0,1300,,'',0,1700,,'',0,1300,,'',0,6700,,'',0,1300,,'',0,1900,,'',0,5800,,'',0,2200,,'',0,1800,,'',0,6200,,'',0,1800,,'',0,2200,,'',0,5800,,'',0,2200,,'',0,6800,,'',0,1900,,'',0,2100,,'',0,5900,,'',0,2100,,'',0,1900,,'',0,6100,,'',0,1900,,'',0,2100,,'',0,5900,,'',0,1800,,'',0
'1merged2137298',552101,53000,4,'',0,1500,4,'',0,5500,4,'',0,2000,4,'',0,2000,4,'',0,6000,4,'',0,1500,4,'',0,1000,4,'',0,1800,4,'',0,800,4,'',0,5600,4,'',0,1400,4,'',0,1600,4,'',0,1400,4,'',0,5600,4,'',0,1400,4,'',0,1600,4,'',0,1900,4,'',0,6100,4,'',0,1900,4,'',0,2200,4,'',0,6000,4,'',0,2000,4,'',0,2000,4,'',0,6000,4,'',0,2000,4,'',0,2000,4,'',0,6000,4,'',0,2000,4,'',0,2000,4,'',0,5800,4,'',0,1500,4,'',0,1800,4,'',0,5500,4,'',0,1500,4,'',0,1500,4,'',0,1500,4,'',0,5500,4,'',0,1500,4,'',0,1500,4,'',0,1500,4,'',0,5500,4,'',0,1500,4,'',0,1500,4,'',0,1500,4,'',0,5500,4,'',0,1500,4,'',0,1500,4,'',0,1500,4,'',0,5500,4,'',0,1700,4,'',0,2000,4,'',0,1200,4,'',0,6000,4,'',0,2000,4,'',0,2000,4,'',0,6000,4,'',0,2000,4,'',0,2000,4,'',0,6000,4,'',0,2000,4,'',0,1500,4,'',0,6100,4,'',0,1900,4,'',0,2100,4,'',0,5900,4,'',0,2100,4,'',0,1900,4,'',0,6100,4,'',0
'2merged2137300',552100,55900,,'',0,8000,,'',0,7200,,'',0,2800,,'',0,7200,,'',0,3000,,'',0,6200,,'',0,2000,,'',0,2000,,'',0,6100,,'',0,1900,,'',0,2100,,'',0,5900,,'',0,2100,,'',0,1900,,'',0,6100,,'',0,1900,,'',0,2100,,'',0,5900,,'',0,2100,,'',0,1900,,'',0,6100,,'',0,1900,,'',0,2100,,'',0,5900,,'',0,2100,,'',0,1900,,'',0,6100,,'',0,1900,,'',0,2100,,'',0,5900,,'',0,2100,,'',0,1400,,'',0,1600,,'',0,5900,,'',0,2100,,'',0,6800,,'',0,2100,,'',0,1900,,'',0,6100,,'',0,2000,,'',0,1900,,'',0,6100,,'',0,1900,,'',0,2100,,'',0,6000,,'',0,2100,,'',0,1900,,'',0,6100,,'',0,1900,,'',0,2100,,'',0,5900,,'',0,2100,,'',0,3200,,'',0
'2merged2137300',552101,55300,4,'',0,7400,4,'',0,3100,4,'',0,6900,4,'',0,3100,4,'',0,6900,4,'',0,3000,4,'',0,6000,4,'',0,2100,4,'',0,2000,4,'',0,6000,4,'',0,2000,4,'',0,2000,4,'',0,6000,4,'',0,2000,4,'',0,2000,4,'',0,6000,4,'',0,2000,4,'',0,2000,4,'',0,6000,4,'',0,2000,4,'',0,2000,4,'',0,6000,4,'',0,2000,4,'',0,2000,4,'',0,6000,4,'',0,2000,4,'',0,2000,4,'',0,6000,4,'',0,2000,4,'',0,2000,4,'',0,6000,4,'',0,2000,4,'',0,2000,4,'',0,6000,4,'',0,2000,4,'',0,2000,4,'',0,6000,4,'',0,2000,4,'',0,1300,4,'',0,6100,4,'',0,1900,4,'',0,2100,4,'',0,5900,4,'',0,2100,4,'',0,1900,4,'',0,6100,4,'',0,1900,4,'',0,2000,4,'',0,5900,4,'',0,2100,4,'',0,1900,4,'',0,6100,4,'',0,1900,4,'',0,2100,4,'',0,5900,4,'',0
'3merged2137299',552100,62300,,'',0,8200,,'',0,3800,,'',0,8200,,'',0,7800,,'',0,3600,,'',0,6800,,'',0,2200,,'',0,1800,,'',0,6200,,'',0,1800,,'',0,2200,,'',0,5800,,'',0,2200,,'',0,1800,,'',0,6200,,'',0,1800,,'',0,2200,,'',0,5800,,'',0,2200,,'',0,1800,,'',0,6200,,'',0,1800,,'',0,2200,,'',0,5800,,'',0,2200,,'',0,1800,,'',0,6200,,'',0,1800,,'',0,2200,,'',0,5800,,'',0,2200,,'',0,1800,,'',0,6200,,'',0,1800,,'',0,2200,,'',0,5800,,'',0,2200,,'',0,1800,,'',0,6200,,'',0,1900,,'',0,2200,,'',0,6800,,'',0,3200,,'',0,6800,,'',0,3200,,'',0
'3merged2137299',552101,60600,4,'',0,4000,4,'',0,8000,4,'',0,8000,4,'',0,4000,4,'',0,8000,4,'',0,2500,4,'',0,6000,4,'',0,2000,4,'',0,2300,4,'',0,6000,4,'',0,2000,4,'',0,2000,4,'',0,6000,4,'',0,2000,4,'',0,2000,4,'',0,6000,4,'',0,2000,4,'',0,2000,4,'',0,6000,4,'',0,2000,4,'',0,2000,4,'',0,6000,4,'',0,2000,4,'',0,2000,4,'',0,6000,4,'',0,2000,4,'',0,2000,4,'',0,6000,4,'',0,2000,4,'',0,2000,4,'',0,6000,4,'',0,2000,4,'',0,2000,4,'',0,6000,4,'',0,2000,4,'',0,1700,4,'',0,6000,4,'',0,2000,4,'',0,2000,4,'',0,6000,4,'',0,2000,4,'',0,7000,4,'',0,3000,4,'',0,6900,4,'',0,3000,4,'',0,7000,4,'',0
'4',552100,64500,,'',0,6800,,'',0,3200,,'',0,6800,,'',0,3200,,'',0,6800,,'',0,3200,,'',0,6800,,'',0,3200,,'',0,6800,,'',0,3200,,'',0,6800,,'',0,3200,,'',0,6800,,'',0,3200,,'',0,6800,,'',0,3200,,'',0,6800,,'',0,3200,,'',0,6800,,'',0,3200,,'',0,6800,,'',0,3200,,'',0,6800,,'',0,3200,,'',0,6800,,'',0,3200,,'',0,6800,,'',0,3200,,'',0
'4',552101,63600,4,'',0,6400,4,'',0,3000,4,'',0,7000,4,'',0,3000,4,'',0,7000,4,'',0,3000,4,'',0,7000,4,'',0,3000,4,'',0,7000,4,'',0,3000,4,'',0,7000,4,'',0,3000,4,'',0,7000,4,'',0,3000,4,'',0,7000,4,'',0,3000,4,'',0,7000,4,'',0,3000,4,'',0,7000,4,'',0,3000,4,'',0,7000,4,'',0,3000,4,'',0,7000,4,'',0,3000,4,'',0,7000,4,'',0,3000,4,'',0,7000,4,'',0,3000,4,'',0,7000,4,'',0,3000,4,'',0
'6',552100,55900,,'',0,8000,,'',0,7200,,'',0,2800,,'',0,7200,,'',0,3000,,'',0,6200,,'',0,2000,,'',0,2000,,'',0,6100,,'',0,1900,,'',0,2100,,'',0,5900,,'',0,2100,,'',0,1900,,'',0,6100,,'',0,1900,,'',0,2100,,'',0,5900,,'',0,2100,,'',0,1900,,'',0,6100,,'',0,1900,,'',0,2100,,'',0,5900,,'',0,2100,,'',0,1900,,'',0,6100,,'',0,1900,,'',0,2100,,'',0,5900,,'',0,2100,,'',0,1400,,'',0,1600,,'',0,5900,,'',0,2100,,'',0,6800,,'',0,2100,,'',0,1900,,'',0,6100,,'',0,2000,,'',0,1900,,'',0,6100,,'',0,1900,,'',0,2100,,'',0,6000,,'',0,2100,,'',0,1900,,'',0,6100,,'',0,1900,,'',0,2100,,'',0,5900,,'',0,2100,,'',0,3200,,'',0
'6',552101,55300,4,'',0,7400,4,'',0,3100,4,'',0,6900,4,'',0,3100,4,'',0,6900,4,'',0,3000,4,'',0,6000,4,'',0,2100,4,'',0,2000,4,'',0,6000,4,'',0,2000,4,'',0,2000,4,'',0,6000,4,'',0,2000,4,'',0,2000,4,'',0,6000,4,'',0,2000,4,'',0,2000,4,'',0,6000,4,'',0,2000,4,'',0,2000,4,'',0,6000,4,'',0,2000,4,'',0,2000,4,'',0,6000,4,'',0,2000,4,'',0,2000,4,'',0,6000,4,'',0,2000,4,'',0,2000,4,'',0,6000,4,'',0,2000,4,'',0,2000,4,'',0,6000,4,'',0,2000,4,'',0,2000,4,'',0,6000,4,'',0,2000,4,'',0,1300,4,'',0,6100,4,'',0,1900,4,'',0,2100,4,'',0,5900,4,'',0,2100,4,'',0,1900,4,'',0,6100,4,'',0,1900,4,'',0,2000,4,'',0,5900,4,'',0,2100,4,'',0,1900,4,'',0,6100,4,'',0,1900,4,'',0,2100,4,'',0,5900,4,'',0
