554901,'1',507,,3718,12,,,0,30,,3716,12,,,0,70,,3723,12,,,0,30,,3722,12,,,0,70,,3746,12,,,0,30,,3717,12,,,0,70,,3719,12,,,0,30,,3720,12,,,0,70,,3721,12,,,0,36,,3724,12,,,0,70,,3732,12,,,0,30,,3733,12,,,0,70,,3734,12,,,0,30,,3729,12,,,0,70,,3730,12,,,0,30,,3731,12,,,0,70,,3725,12,,,0,30,,3726,12,,,0,70,,3727,12,,,0,30,,3747,12,,,0,70,,3740,12,,,0,30,,3741,12,,,0,70,,3737,12,,,0,30,,3738,12,,,0,70,,3739,12,,,0,30,,3735,12,,,0,70,,3743,12,,,0,30,,3744,12,,,0,70,,3742,12,,,0,30,,3750,12,,,0,70,,3728,12,,,0,30,,3751,12,,,0,70,,3745,12,,,0,30,,3752,12,,,0,74,,3736,12,,,0,100,,3748,12,,,0,100,,3749,12,,,0
554901,'2',506,,3753,12,,,0,30,,3775,12,,,0,70,,3782,12,,,0,30,,3776,12,,,0,70,,3777,12,,,0,30,,3761,12,,,0,70,,3762,12,,,0,30,,3763,12,,,0,70,,3759,12,,,0,30,,3760,12,,,0,70,,3758,12,,,0,30,,3767,12,,,0,70,,3768,12,,,0,30,,3769,12,,,0,70,,3764,12,,,0,30,,3765,12,,,0,70,,3766,12,,,0,30,,3755,12,,,0,70,,3756,12,,,0,30,,3772,12,,,0,70,,3773,12,,,0,30,,3757,12,,,0,70,,3774,12,,,0,30,,3770,12,,,0,70,,3771,12,,,0,30,,3780,12,,,0,70,,3781,12,,,0,30,,3778,12,,,0,69,,3779,12,,,0,30,,3787,12,,,0,70,,3788,12,,,0,30,,3783,12,,,0,70,,3789,12,,,0,100,,3784,12,,,0,100,,3785,12,,,0,100,,3786,12,,,0,100,,3754,12,,,0
554901,'3',506,,3790,12,,,0,30,,3811,12,,,0,70,,3818,12,,,0,30,,3812,12,,,0,70,,3813,12,,,0,30,,3797,12,,,0,70,,3798,12,,,0,30,,3799,12,,,0,70,,3795,12,,,0,30,,3796,12,,,0,70,,3794,12,,,0,30,,3803,12,,,0,70,,3804,12,,,0,30,,3805,12,,,0,70,,3800,12,,,0,30,,3801,12,,,0,70,,3802,12,,,0,30,,3791,12,,,0,70,,3792,12,,,0,30,,3808,12,,,0,70,,3809,12,,,0,30,,3793,12,,,0,70,,3810,12,,,0,30,,3806,12,,,0,70,,3807,12,,,0,30,,3816,12,,,0,70,,3817,12,,,0,30,,3814,12,,,0,69,,3815,12,,,0,30,,3823,12,,,0,70,,3824,12,,,0,30,,3819,12,,,0,70,,3825,12,,,0,100,,3820,12,,,0,100,,3821,12,,,0,100,,3822,12,,,0
556601,'1601',710,,8187,12,0,27 45 35,0,804,,8186,12,0,27 8 9 35,0
556601,'1',517,,8188,12,,,0,29,,8189,12,,,0,70,,8190,12,,,0,28,,8191,12,,,0,70,,8192,12,,,0,30,,8193,12,,,0,60,,8194,12,,,0,20,,8195,12,,,0,20,,8196,12,,,0,15,,8197,12,,,0,55,,8198,12,,,0,15,,8199,12,,,0,15,,8200,12,,,0,70,,8201,12,,,0,30,,8202,12,,,0,70,,8203,12,,,0,30,,8204,12,,,0,70,,8205,12,,,0,30,,8206,12,,,0,70,,8207,12,,,0,28,,8208,12,,,0,70,,8209,12,,,0,30,,8210,12,,,0,15,,8211,12,,,0,55,,8212,12,,,0,15,,8213,12,,,0,15,,8214,12,,,0,15,,8215,12,,,0,55,,8240,12,,,0,15,,8216,12,,,0,15,,8217,12,,,0,15,,8218,12,,,0,55,,8219,12,,,0,15,,8220,12,,,0,15,,8221,12,,,0,15,,8222,12,,,0,55,,8223,12,,,0,15,,8224,12,,,0,18,,8225,12,,,0,55,,8226,12,,,0,20,,8227,12,,,0,25,,8228,12,,,0,70,,8229,12,,,0,30,,8230,12,,,0,70,,8231,12,,,0,30,,8232,12,,,0,70,,8237,12,,,0,33,,8233,12,,,0,70,,8234,12,,,0,30,,8238,12,,,0,70,,8235,12,,,0,30,,8239,12,,,0,77,,8236,12,,,0
556601,'2',506,,8244,12,,,0,30,,8243,12,,,0,70,,8242,12,,,0,26,,8263,12,,,0,70,,8261,12,,,0,30,,8262,12,,,0,70,,8260,12,,,0,30,,8264,12,,,0,70,,8259,12,,,0,30,,8267,12,,,0,70,,8258,12,,,0,30,,8275,12,,,0,70,,8257,12,,,0,30,,8274,12,,,0,70,,8256,12,,,0,30,,8273,12,,,0,70,,8255,12,,,0,30,,8272,12,,,0,70,,8254,12,,,0,30,,8271,12,,,0,70,,8253,12,,,0,30,,8270,12,,,0,70,,8252,12,,,0,30,,8269,12,,,0,70,,8251,12,,,0,30,,8268,12,,,0,70,,8250,12,,,0,30,,8266,12,,,0,70,,8265,12,,,0,30,,8249,12,,,0,70,,8276,12,,,0,30,,8277,12,,,0,70,,8278,12,,,0,30,,8279,12,,,0,70,,8280,12,,,0,30,,8248,12,,,0,70,,8247,12,,,0,30,,8246,12,,,0,70,,8281,12,,,0,30,,8245,12,,,0,70,,8241,12,,,0
556601,'3',632,,8299,12,,,0,70,,8297,12,,,0,30,,8298,12,,,0,70,,8296,12,,,0,30,,8300,12,,,0,70,,8295,12,,,0,30,,8303,12,,,0,70,,8294,12,,,0,30,,8311,12,,,0,70,,8293,12,,,0,30,,8310,12,,,0,70,,8292,12,,,0,30,,8309,12,,,0,70,,8291,12,,,0,30,,8308,12,,,0,70,,8290,12,,,0,30,,8307,12,,,0,70,,8289,12,,,0,30,,8306,12,,,0,70,,8288,12,,,0,30,,8305,12,,,0,70,,8287,12,,,0,30,,8304,12,,,0,70,,8286,12,,,0,30,,8302,12,,,0,70,,8301,12,,,0,30,,8285,12,,,0,70,,8312,12,,,0,30,,8313,12,,,0,70,,8314,12,,,0,30,,8315,12,,,0,70,,8316,12,,,0,30,,8284,12,,,0,70,,8283,12,,,0,30,,8282,12,,,0,79,,8317,12,,,0
556701,'1601',835,,8461,35,0,43 44,0
556701,'1',429,,8523,25,,,0,28,,8522,25,,,0,77,,8521,25,,,0,15,,8520,25,,,0,51,,8519,60,,,0,4,,8518,25,,,0,26,,8517,60,,,0,4,,8516,25,,,0,20,,8515,60,,,0,50,,8514,25,,,0,12,,8513,60,,,0,15,,8512,60,,,0,15,,8511,60,,,0,55,,8510,60,,,0,15,,8509,60,,,0,15,,8508,60,,,0,15,,8507,60,,,0,55,,8506,60,,,0,15,,8505,60,,,0,15,,8504,60,,,0,13,,8503,60,,,0,70,,8502,60,,,0,30,,8501,60,,,0,70,,8500,60,,,0,30,,8499,60,,,0,70,,8498,60,,,0,30,,8497,60,,,0,68,,8496,60,,,0,15,,8495,25,,,0,15,,8494,60,,,0,15,,8493,25,,,0,57,,8492,60,,,0,15,,8491,60,,,0,15,,8490,60,,,0,57,,8489,60,,,0,15,,8488,60,,,0,15,,8487,60,,,0,15,,8486,60,,,0,55,,8485,60,,,0,15,,8484,60,,,0,15,,8483,60,,,0,15,,8482,60,,,0,55,,8481,60,,,0,15,,8480,60,,,0,15,,8479,60,,,0,15,,8478,60,,,0,60,,8477,60,,,0,20,,8476,60,,,0,25,,8475,60,,,0,62,,8474,60,,,0,30,,8473,60,,,0,70,,8472,60,,,0,30,,8471,60,,,0,70,,8470,60,,,0,30,,8469,60,,,0,70,,8468,60,,,0,30,,8467,60,,,0,70,,8466,60,,,0,30,,8463,60,,,0,70,,8465,60,,,0,30,,8462,60,,,0,70,,8464,60,,,0
556701,'2',547,,8524,60,,,0,70,,8563,60,,,0,30,,8562,60,,,0,70,,8561,60,,,0,25,,8549,60,,,0,70,,8560,60,,,0,30,,8548,60,,,0,70,,8559,60,,,0,30,,8547,60,,,0,70,,8558,60,,,0,32,,8546,60,,,0,70,,8557,60,,,0,30,,8545,60,,,0,70,,8544,60,,,0,30,,8543,60,,,0,70,,8542,60,,,0,30,,8541,60,,,0,70,,8540,60,,,0,30,,8539,60,,,0,70,,8556,60,,,0,30,,8538,60,,,0,70,,8555,60,,,0,30,,8537,60,,,0,70,,8554,60,,,0,30,,8536,60,,,0,70,,8535,60,,,0,30,,8534,60,,,0,70,,8553,60,,,0,28,,8533,60,,,0,70,,8532,60,,,0,30,,8531,60,,,0,70,,8530,60,,,0,30,,8529,60,,,0,70,,8528,60,,,0,30,,8527,60,,,0,70,,8552,60,,,0,30,,8551,60,,,0,70,,8526,60,,,0,30,,8550,60,,,0,85,,8525,60,,,0
556701,'3',608,,8600,25,,,0,30,,8599,25,,,0,70,,8564,60,,,0,30,,8598,60,,,0,76,,8581,60,,,0,24,,8597,60,,,0,76,,8580,60,,,0,30,,8596,60,,,0,70,,8579,60,,,0,31,,8595,60,,,0,70,,8578,60,,,0,30,,8594,60,,,0,70,,8577,60,,,0,30,,8593,60,,,0,70,,8576,60,,,0,30,,8592,60,,,0,70,,8575,60,,,0,30,,8591,60,,,0,70,,8574,60,,,0,30,,8590,60,,,0,70,,8573,60,,,0,30,,8589,60,,,0,70,,8572,60,,,0,30,,8588,60,,,0,70,,8571,60,,,0,29,,8587,60,,,0,70,,8570,60,,,0,30,,8586,60,,,0,70,,8569,60,,,0,30,,8585,60,,,0,70,,8568,60,,,0,30,,8584,60,,,0,70,,8567,60,,,0,30,,8583,60,,,0,70,,8566,60,,,0,30,,8582,60,,,0,70,,8565,60,,,0
