569200,'1',520,,21378,1,,,0,30,,21377,1,,,0,70,,21376,1,,,0,30,,21375,1,,,0,70,,21374,1,,,0,30,,21379,1,,,0,70,,21380,1,,,0,30,,21381,1,,,0,70,,21382,1,,,0,30,,21383,1,,,0,70,,21384,1,,,0,30,,21373,1,,,0,70,,21385,1,,,0,30,,21372,1,,,0,70,,21371,1,,,0,30,,21370,1,,,0,70,,21369,1,,,0,30,,21368,1,,,0,70,,21386,1,,,0,30,,21387,1,,,0,70,,21388,1,,,0,30,,21389,1,,,0,70,,21390,1,,,0,30,,21391,1,,,0,70,,21392,1,,,0,30,,21393,1,,,0,70,,21394,1,,,0,35,,21367,1,,,0,145,,21366,1,,,0,100,,21365,1,,,0,100,,21364,1,,,0,100,,21363,1,,,0,100,,21362,1,,,0,100,,21361,1,,,0
569200,'2',500,,21428,1,,,0,30,,21397,1,,,0,70,,21427,1,,,0,30,,21396,1,,,0,70,,21426,1,,,0,30,,21395,1,,,0,70,,21425,1,,,0,30,,21424,1,,,0,70,,21423,1,,,0,30,,21422,1,,,0,70,,21421,1,,,0,30,,21420,1,,,0,70,,21419,1,,,0,30,,21418,1,,,0,70,,21417,1,,,0,30,,21416,1,,,0,70,,21415,1,,,0,30,,21414,1,,,0,70,,21413,1,,,0,30,,21412,1,,,0,70,,21411,1,,,0,30,,21410,1,,,0,70,,21409,1,,,0,30,,21408,1,,,0,70,,21407,1,,,0,30,,21406,1,,,0,70,,21405,1,,,0,100,,21404,1,,,0,100,,21403,1,,,0,100,,21402,1,,,0,100,,21401,1,,,0,100,,21400,1,,,0,100,,21399,1,,,0,100,,21398,1,,,0
569200,'3',600,,21458,1,,,0,30,,21434,1,,,0,70,,21435,1,,,0,30,,21433,1,,,0,70,,21436,1,,,0,30,,21432,1,,,0,70,,21437,1,,,0,30,,21431,1,,,0,70,,21438,1,,,0,30,,21451,1,,,0,70,,21439,1,,,0,30,,21452,1,,,0,70,,21440,1,,,0,30,,21453,1,,,0,70,,21441,1,,,0,30,,21454,1,,,0,70,,21442,1,,,0,30,,21455,1,,,0,70,,21443,1,,,0,30,,21456,1,,,0,70,,21444,1,,,0,30,,21457,1,,,0,70,,21445,1,,,0,100,,21446,1,,,0,100,,21447,1,,,0,100,,21448,1,,,0,100,,21449,1,,,0,100,,21450,1,,,0,100,,21430,1,,,0,100,,21429,1,,,0
569201,'1',556,,21478,31,4,,0,70,,21477,31,4,,0,30,,21476,31,4,,0,70,,21479,31,4,,0,30,,21480,31,4,,0,70,,21481,31,4,,0,30,,21482,31,4,,0,70,,21483,31,4,,0,30,,21484,31,4,,0,70,,21485,31,4,,0,30,,21486,31,4,,0,70,,21475,31,4,,0,30,,21474,31,4,,0,70,,21473,31,4,,0,30,,21472,31,4,,0,70,,21471,31,4,,0,30,,21470,31,4,,0,66,,21469,31,4,,0,34,,21468,31,4,,0,70,,21487,31,4,,0,30,,21488,31,4,,0,70,,21489,31,4,,0,30,,21490,31,4,,0,70,,21491,31,4,,0,30,,21492,31,4,,0,70,,21493,31,4,,0,30,,21467,31,4,,0,70,,21466,31,4,,0,20,,21465,31,4,,0,100,,21464,31,4,,0,100,,21463,31,4,,0,100,,21462,31,4,,0,100,,21461,31,4,,0,100,,21460,31,4,,0,104,,21459,31,4,,0
569201,'2',512,,21494,31,4,,0,30,,21528,31,4,,0,70,,21497,31,4,,0,30,,21527,31,4,,0,70,,21495,31,4,,0,30,,21526,31,4,,0,75,,21496,31,4,,0,30,,21525,31,4,,0,70,,21524,31,4,,0,30,,21523,31,4,,0,70,,21522,31,4,,0,30,,21521,31,4,,0,70,,21520,31,4,,0,30,,21519,31,4,,0,70,,21518,31,4,,0,30,,21517,31,4,,0,70,,21516,31,4,,0,30,,21515,31,4,,0,70,,21514,31,4,,0,30,,21513,31,4,,0,70,,21512,31,4,,0,30,,21511,31,4,,0,70,,21510,31,4,,0,30,,21509,31,4,,0,70,,21508,31,4,,0,30,,21507,31,4,,0,70,,21506,31,4,,0,35,,21505,31,4,,0,100,,21504,31,4,,0,100,,21503,31,4,,0,100,,21502,31,4,,0,100,,21501,31,4,,0,100,,21500,31,4,,0,100,,21499,31,4,,0,100,,21498,31,4,,0
569201,'3',622,,21529,31,4,,0,30,,21551,31,4,,0,70,,21535,31,4,,0,30,,21552,31,4,,0,70,,21533,31,4,,0,30,,21553,31,4,,0,70,,21534,31,4,,0,30,,21554,31,4,,0,70,,21532,31,4,,0,30,,21555,31,4,,0,70,,21556,31,4,,0,30,,21557,31,4,,0,70,,21558,31,4,,0,30,,21559,31,4,,0,70,,21536,31,4,,0,30,,21537,31,4,,0,70,,21538,31,4,,0,30,,21539,31,4,,0,70,,21540,31,4,,0,30,,21541,31,4,,0,70,,21542,31,4,,0,30,,21543,31,4,,0,70,,21544,31,4,,0,30,,21545,31,4,,0,100,,21546,31,4,,0,100,,21547,31,4,,0,100,,21548,31,4,,0,100,,21549,31,4,,0,100,,21550,31,4,,0,100,,21531,31,4,,0,100,,21530,31,4,,0
569300,'1',500,,21577,1,,,0,30,,21576,1,,,0,70,,21575,1,,,0,30,,21574,1,,,0,70,,21586,1,,,0,30,,21587,1,,,0,70,,21588,1,,,0,30,,21589,1,,,0,70,,21590,1,,,0,30,,21591,1,,,0,70,,21592,1,,,0,30,,21593,1,,,0,70,,21573,1,,,0,30,,21572,1,,,0,70,,21571,1,,,0,30,,21570,1,,,0,70,,21569,1,,,0,30,,21568,1,,,0,70,,21567,1,,,0,30,,21578,1,,,0,70,,21579,1,,,0,30,,21580,1,,,0,70,,21581,1,,,0,30,,21582,1,,,0,70,,21583,1,,,0,30,,21584,1,,,0,70,,21585,1,,,0,30,,21566,1,,,0,70,,21594,1,,,0,50,,21565,1,,,0,100,,21564,1,,,0,100,,21563,1,,,0,105,,21562,1,,,0,145,,21561,1,,,0,100,,21560,1,,,0
569300,'2',515,,21595,1,,,0,30,,21613,1,,,0,70,,21603,1,,,0,30,,21614,1,,,0,70,,21602,1,,,0,30,,21615,1,,,0,75,,21601,1,,,0,30,,21616,1,,,0,70,,21617,1,,,0,30,,21618,1,,,0,70,,21619,1,,,0,30,,21620,1,,,0,70,,21621,1,,,0,30,,21622,1,,,0,70,,21623,1,,,0,30,,21624,1,,,0,70,,21625,1,,,0,30,,21626,1,,,0,70,,21627,1,,,0,30,,21628,1,,,0,70,,21629,1,,,0,30,,21604,1,,,0,70,,21605,1,,,0,30,,21606,1,,,0,70,,21607,1,,,0,30,,21608,1,,,0,70,,21597,1,,,0,35,,21609,1,,,0,100,,21610,1,,,0,100,,21611,1,,,0,100,,21612,1,,,0,100,,21600,1,,,0,100,,21599,1,,,0,100,,21598,1,,,0,100,,21596,1,,,0
569300,'3',605,,21630,1,,,0,20,,21632,1,,,0,30,,21654,1,,,0,70,,21637,1,,,0,30,,21653,1,,,0,70,,21636,1,,,0,30,,21652,1,,,0,70,,21635,1,,,0,30,,21651,1,,,0,70,,21650,1,,,0,30,,21649,1,,,0,70,,21648,1,,,0,30,,21647,1,,,0,70,,21646,1,,,0,30,,21645,1,,,0,70,,21644,1,,,0,30,,21643,1,,,0,70,,21642,1,,,0,30,,21641,1,,,0,70,,21640,1,,,0,30,,21639,1,,,0,70,,21638,1,,,0,30,,21660,1,,,0,70,,21631,1,,,0,30,,21659,1,,,0,100,,21658,1,,,0,100,,21657,1,,,0,100,,21656,1,,,0,100,,21655,1,,,0,100,,21633,1,,,0,100,,21634,1,,,0
569301,'1',536,,21679,18,,,0,70,,21678,18,,,0,30,,21677,18,,,0,70,,21676,18,,,0,32,,21680,18,,,0,70,,21681,18,,,0,30,,21682,18,,,0,70,,21683,18,,,0,30,,21684,18,,,0,70,,21685,18,,,0,30,,21686,18,,,0,70,,21675,18,,,0,30,,21674,18,,,0,70,,21673,18,,,0,30,,21672,18,,,0,70,,21671,18,,,0,30,,21670,18,,,0,70,,21669,18,,,0,30,,21668,18,,,0,70,,21687,18,,,0,30,,21688,18,,,0,70,,21689,18,,,0,30,,21690,18,,,0,70,,21691,18,,,0,30,,21692,18,,,0,70,,21693,18,,,0,30,,21694,18,,,0,70,,21695,18,,,0,24,,21667,18,,,0,95,,21666,18,,,0,100,,21665,18,,,0,99,,21664,18,,,0,105,,21663,18,,,0,100,,21662,18,,,0,100,,21661,18,,,0
569301,'2',525,,21696,18,,,0,30,,21697,18,,,0,70,,21729,18,,,0,30,,21703,18,,,0,70,,21728,18,,,0,30,,21701,18,,,0,71,,21727,18,,,0,30,,21702,18,,,0,70,,21726,18,,,0,30,,21725,18,,,0,70,,21724,18,,,0,30,,21723,18,,,0,70,,21722,18,,,0,30,,21721,18,,,0,70,,21720,18,,,0,30,,21719,18,,,0,70,,21718,18,,,0,30,,21717,18,,,0,70,,21716,18,,,0,30,,21715,18,,,0,70,,21714,18,,,0,30,,21713,18,,,0,70,,21712,18,,,0,30,,21711,18,,,0,70,,21710,18,,,0,30,,21709,18,,,0,70,,21708,18,,,0,104,,21707,18,,,0,102,,21706,18,,,0,100,,21705,18,,,0,99,,21704,18,,,0,100,,21700,18,,,0,100,,21699,18,,,0,100,,21698,18,,,0
569301,'3',627,,21731,18,,,0,30,,21758,18,,,0,70,,21737,18,,,0,30,,21736,18,,,0,70,,21757,18,,,0,30,,21735,18,,,0,70,,21756,18,,,0,30,,21734,18,,,0,70,,21755,18,,,0,30,,21754,18,,,0,70,,21753,18,,,0,30,,21752,18,,,0,70,,21751,18,,,0,30,,21750,18,,,0,70,,21749,18,,,0,30,,21748,18,,,0,70,,21747,18,,,0,30,,21746,18,,,0,70,,21745,18,,,0,30,,21744,18,,,0,70,,21743,18,,,0,30,,21742,18,,,0,70,,21741,18,,,0,30,,21730,18,,,0,70,,21740,18,,,0,100,,21739,18,,,0,100,,21738,18,,,0,100,,21760,18,,,0,100,,21759,18,,,0,100,,21733,18,,,0,100,,21732,18,,,0
569401,'1',548,,21880,11,4,,0,70,,21879,11,4,,0,30,,21878,11,4,,0,70,,21877,11,4,,0,30,,21876,11,4,,0,70,,21881,11,4,,0,30,,21882,11,4,,0,70,,21883,11,4,,0,30,,21884,11,4,,0,70,,21885,11,4,,0,30,,21886,11,4,,0,70,,21875,11,4,,0,30,,21874,11,4,,0,70,,21873,11,4,,0,30,,21872,11,4,,0,70,,21871,11,4,,0,30,,21870,11,4,,0,70,,21869,11,4,,0,30,,21868,11,4,,0,70,,21887,11,4,,0,30,,21888,11,4,,0,70,,21889,11,4,,0,30,,21890,11,4,,0,70,,21891,11,4,,0,30,,21892,11,4,,0,70,,21893,11,4,,0,30,,21894,11,4,,0,70,,21896,11,4,,0,40,,21895,11,4,,0,100,,21867,11,4,,0,100,,21866,11,4,,0,100,,21865,11,4,,0,100,,21864,11,4,,0,100,,21863,11,4,,0,101,,21862,11,4,,0
569401,'2',527,,21897,11,4,,0,30,,21904,11,4,,0,70,,21903,11,4,,0,30,,21905,11,4,,0,70,,21902,11,4,,0,30,,21906,11,4,,0,71,,21931,11,4,,0,30,,21907,11,4,,0,70,,21908,11,4,,0,30,,21909,11,4,,0,70,,21910,11,4,,0,30,,21911,11,4,,0,70,,21912,11,4,,0,30,,21913,11,4,,0,70,,21914,11,4,,0,30,,21915,11,4,,0,70,,21916,11,4,,0,30,,21917,11,4,,0,70,,21918,11,4,,0,30,,21919,11,4,,0,70,,21920,11,4,,0,30,,21921,11,4,,0,70,,21922,11,4,,0,30,,21923,11,4,,0,70,,21924,11,4,,0,30,,21925,11,4,,0,70,,21926,11,4,,0,30,,21927,11,4,,0,100,,21928,11,4,,0,100,,21929,11,4,,0,100,,21930,11,4,,0,100,,21901,11,4,,0,100,,21900,11,4,,0,100,,21899,11,4,,0,100,,21898,11,4,,0
569401,'3',628,,21935,11,4,,0,30,,21936,11,4,,0,70,,21937,11,4,,0,30,,21941,11,4,,0,70,,21939,11,4,,0,30,,21942,11,4,,0,70,,21938,11,4,,0,30,,21943,11,4,,0,70,,21944,11,4,,0,30,,21945,11,4,,0,70,,21946,11,4,,0,30,,21947,11,4,,0,70,,21948,11,4,,0,30,,21949,11,4,,0,70,,21950,11,4,,0,30,,21951,11,4,,0,70,,21952,11,4,,0,30,,21953,11,4,,0,70,,21954,11,4,,0,30,,21955,11,4,,0,70,,21956,11,4,,0,30,,21957,11,4,,0,70,,21958,11,4,,0,30,,21959,11,4,,0,70,,21932,11,4,,0,30,,21960,11,4,,0,100,,21961,11,4,,0,100,,21962,11,4,,0,100,,21940,11,4,,0,100,,21934,11,4,,0,100,,21933,11,4,,0
