557000,'1601',708,,9153,16,0,38 4 14 15,0,738,,9151,16,0,38 4 14 15,0
557000,'1',526,,9225,16,0,38 4 14 15,0,30,,9223,16,0,38 4 14 15,0,70,,9221,16,0,38 4 14 15,0,30,,9219,16,0,38 4 14 15,0,70,,9217,16,0,38 4 14 15,0,30,,9215,16,0,38 4 14 15,0,70,,9213,16,0,38 4 14 15,0,30,,9211,16,0,38 4 14 15,0,70,,9209,16,0,38 4 14 15,0,30,,9207,16,0,38 4 14 15,0,70,,9205,16,0,38 4 14 15,0,30,,9203,16,0,38 4 14 15,0,70,,9201,16,0,38 4 14 15,0,30,,9199,16,0,38 4 14 15,0,70,,9197,16,0,38 4 14 15,0,30,,9195,16,0,38 4 14 15,0,70,,9193,16,0,38 4 14 15,0,30,,9191,16,0,38 4 14 15,0,70,,9189,16,0,38 4 14 15,0,30,,9187,16,0,38 4 14 15,0,70,,9185,16,0,38 4 14 15,0,30,,9183,16,0,38 4 14 15,0,70,,9181,16,0,38 4 14 15,0,30,,9179,16,0,38 4 14 15,0,70,,9177,16,0,38 4 14 15,0,30,,9175,16,0,38 4 14 15,0,70,,9173,16,0,38 4 14 15,0,30,,9171,16,0,38 4 14 15,0,70,,9169,16,0,38 4 14 15,0,30,,9167,16,0,38 4 14 15,0,72,,9165,16,0,38 4 14 15,0,30,,9163,16,0,38 4 14 15,0,70,,9161,16,0,38 4 14 15,0,97,,9159,16,0,38 4 14 15,0,100,,9157,16,0,38 4 14 15,0,100,,9155,16,0,38 4 14 15,0
557000,'2',524,,9297,16,0,38 4 14 15,0,30,,9295,16,0,38 4 14 15,0,70,,9293,16,0,38 4 14 15,0,30,,9291,16,0,38 4 14 15,0,70,,9289,16,0,38 4 14 15,0,30,,9287,16,0,38 4 14 15,0,70,,9285,16,0,38 4 14 15,0,30,,9283,16,0,38 4 14 15,0,70,,9281,16,0,38 4 14 15,0,30,,9279,16,0,38 4 14 15,0,70,,9277,16,0,38 4 14 15,0,30,,9275,16,0,38 4 14 15,0,70,,9273,16,0,38 4 14 15,0,30,,9271,16,0,38 4 14 15,0,70,,9269,16,0,38 4 14 15,0,30,,9267,16,0,38 4 14 15,0,70,,9265,16,0,38 4 14 15,0,30,,9263,16,0,38 4 14 15,0,70,,9261,16,0,38 4 14 15,0,30,,9259,16,0,38 4 14 15,0,70,,9257,16,0,38 4 14 15,0,30,,9255,16,0,38 4 14 15,0,70,,9253,16,0,38 4 14 15,0,30,,9251,16,0,38 4 14 15,0,70,,9249,16,0,38 4 14 15,0,30,,9247,16,0,38 4 14 15,0,70,,9245,16,0,38 4 14 15,0,30,,9243,16,0,38 4 14 15,0,70,,9241,16,0,38 4 14 15,0,30,,9239,16,0,38 4 14 15,0,70,,9237,16,0,38 4 14 15,0,30,,9235,16,0,38 4 14 15,0,70,,9233,16,0,38 4 14 15,0,100,,9231,16,0,38 4 14 15,0,100,,9229,16,0,38 4 14 15,0,115,,9227,16,0,38 4 14 15,0
557000,'3',554,,9365,16,0,38 4 14 15,0,70,,9363,16,0,38 4 14 15,0,30,,9361,16,0,38 4 14 15,0,70,,9359,16,0,38 4 14 15,0,30,,9357,16,0,38 4 14 15,0,70,,9355,16,0,38 4 14 15,0,30,,9353,16,0,38 4 14 15,0,70,,9351,16,0,38 4 14 15,0,30,,9349,16,0,38 4 14 15,0,70,,9347,16,0,38 4 14 15,0,30,,9345,16,0,38 4 14 15,0,70,,9343,16,0,38 4 14 15,0,30,,9341,16,0,38 4 14 15,0,70,,9339,16,0,38 4 14 15,0,30,,9337,16,0,38 4 14 15,0,70,,9335,16,0,38 4 14 15,0,30,,9333,16,0,38 4 14 15,0,70,,9331,16,0,38 4 14 15,0,30,,9329,16,0,38 4 14 15,0,70,,9327,16,0,38 4 14 15,0,30,,9325,16,0,38 4 14 15,0,70,,9323,16,0,38 4 14 15,0,30,,9321,16,0,38 4 14 15,0,70,,9319,16,0,38 4 14 15,0,30,,9317,16,0,38 4 14 15,0,70,,9315,16,0,38 4 14 15,0,30,,9313,16,0,38 4 14 15,0,69,,9311,16,0,38 4 14 15,0,30,,9309,16,0,38 4 14 15,0,70,,9307,16,0,38 4 14 15,0,30,,9305,16,0,38 4 14 15,0,70,,9303,16,0,38 4 14 15,0,100,,9301,16,0,38 4 14 15,0,100,,9299,16,0,38 4 14 15,0
557001,'1601',756,,9368,22,,,0,777,,9366,22,,,0
557001,'1',619,,9440,22,,,0,30,,9438,22,,,0,70,,9436,22,,,0,30,,9434,22,,,0,70,,9432,22,,,0,30,,9430,22,,,0,70,,9428,22,,,0,30,,9426,22,,,0,70,,9424,22,,,0,30,,9422,22,,,0,70,,9420,22,,,0,30,,9418,22,,,0,70,,9416,22,,,0,30,,9414,22,,,0,70,,9412,22,,,0,30,,9410,22,,,0,70,,9408,22,,,0,30,,9406,22,,,0,70,,9404,22,,,0,30,,9402,22,,,0,70,,9400,22,,,0,30,,9398,22,,,0,70,,9396,22,,,0,30,,9394,22,,,0,70,,9392,22,,,0,30,,9390,22,,,0,71,,9388,22,,,0,30,,9386,22,,,0,70,,9384,22,,,0,30,,9382,22,,,0,70,,9380,22,,,0,30,,9378,22,,,0,80,,9376,22,,,0,100,,9374,22,,,0,100,,9372,22,,,0,80,,9370,22,,,0
557001,'2',610,,9513,22,,,0,30,,9511,22,,,0,70,,9509,22,,,0,30,,9507,22,,,0,70,,9505,22,,,0,30,,9503,22,,,0,70,,9501,22,,,0,30,,9499,22,,,0,70,,9497,22,,,0,30,,9495,22,,,0,70,,9493,22,,,0,30,,9491,22,,,0,70,,9489,22,,,0,30,,9487,22,,,0,70,,9485,22,,,0,30,,9483,22,,,0,70,,9481,22,,,0,30,,9479,22,,,0,70,,9477,22,,,0,30,,9475,22,,,0,70,,9473,22,,,0,30,,9471,22,,,0,70,,9469,22,,,0,30,,9467,22,,,0,70,,9465,22,,,0,30,,9463,22,,,0,70,,9461,22,,,0,30,,9459,22,,,0,70,,9457,22,,,0,30,,9455,22,,,0,70,,9453,22,,,0,30,,9451,22,,,0,75,,9449,22,,,0,100,,9447,22,,,0,100,,9445,22,,,0,100,,9443,22,,,0
557001,'3',641,,9582,22,,,0,70,,9580,22,,,0,30,,9578,22,,,0,70,,9576,22,,,0,30,,9574,22,,,0,70,,9572,22,,,0,30,,9570,22,,,0,70,,9568,22,,,0,30,,9566,22,,,0,70,,9564,22,,,0,30,,9562,22,,,0,70,,9560,22,,,0,30,,9558,22,,,0,70,,9556,22,,,0,30,,9554,22,,,0,70,,9552,22,,,0,30,,9550,22,,,0,70,,9548,22,,,0,30,,9546,22,,,0,70,,9544,22,,,0,30,,9542,22,,,0,70,,9540,22,,,0,30,,9538,22,,,0,70,,9536,22,,,0,30,,9534,22,,,0,71,,9532,22,,,0,30,,9530,22,,,0,70,,9528,22,,,0,30,,9526,22,,,0,70,,9524,22,,,0,30,,9522,22,,,0,75,,9520,22,,,0,106,,9518,22,,,0,93,,9516,22,,,0
562400,'8701',631,,9583,16,0,39 40 41,0,897,,9584,16,0,39 40 41,0
562401,'8701',716,,9585,29,0,39 40 41,0,897,,9586,29,0,39 40 41,0
