555901,'1_merged_2137307',522,,6455,,,0,20,,6454,,,0,60,,6453,,,0,22,,6452,,,0,24,,6451,,,0,52,,6450,,,0,12,,6449,,,0,11,,6448,,,0,12,,6447,,,0,12,,6446,,,0,12,,6445,,,0,52,,6444,,,0,12,,6443,,,0,12,,6442,,,0,12,,6441,,,0,12,,6440,,,0,52,,6439,,,0,15,,6438,,,0,15,,6437,,,0,15,,6436,,,0,55,,6435,,,0,15,,6434,,,0,15,,6433,,,0,15,,6432,,,0,55,,6431,,,0,15,,6430,,,0,15,,6429,,,0,15,,6428,,,0,55,,6427,,,0,15,,6426,,,0,15,,6425,,,0,15,,6424,,,0,55,,6423,,,0,15,,6422,,,0,15,,6421,,,0,15,,6420,,,0,54,,6419,,,0,15,,6418,,,0,14,,6417,,,0,13,,6416,,,0,52,,6415,,,0,12,,6414,,,0,12,,6413,,,0,12,,6412,,,0,12,,6411,,,0,52,,6410,,,0,12,,6409,,,0,12,,6408,,,0,12,,6407,,,0,12,,6406,,,0,52,,6405,,,0,12,,6404,,,0,12,,6403,,,0,12,,6402,,,0,14,,6401,,,0,52,,6400,,,0,15,,6399,,,0,13,,6398,0,42 4 27 46 35,0,3,,6397,,,0,16,,6396,,,0,57,,6395,,,0,17,,6394,,,0,19,,6393,,,0,54,,6392,,,0,3,,6391,0,42 4 27 46 35,0,17,,6390,,,0,20,,6389,,,0,60,,6388,,,0,20,,6387,,,0,33,,6386,,,0,71,,6385,,,0,23,,6384,,,0,81,,6383,,,0,30,,6382,,,0,59,,6381,0,42 4 27 46 35,0,32,,6380,,,0,88,,6379,0,42 4 27 46 35,0
555901,'2_merged_2137309',537,,6493,,,0,66,,6492,,,0,26,,6491,,,0,30,,6490,,,0,70,,6489,,,0,30,,6488,,,0,70,,6487,,,0,71,,6486,,,0,20,,6485,,,0,20,,6484,,,0,60,,6483,,,0,20,,6482,,,0,20,,6481,,,0,60,,6480,,,0,20,,6479,,,0,22,,6478,,,0,60,,6477,,,0,18,,6476,,,0,20,,6475,,,0,60,,6474,,,0,20,,6473,,,0,20,,6472,,,0,60,,6471,,,0,20,,6470,,,0,20,,6469,,,0,60,,6468,,,0,20,,6467,,,0,20,,6466,,,0,60,,6465,,,0,20,,6464,,,0,20,,6463,,,0,60,,6462,,,0,20,,6461,,,0,20,,6460,,,0,15,,6459,,,0,70,,6458,,,0,30,,6457,,,0,70,,6456,,,0,30,,6502,,,0,70,,6501,,,0,30,,6500,,,0,70,,6499,,,0,30,,6498,,,0,70,,6497,,,0,30,,6496,,,0,70,,6495,,,0,75,,6494,,,0,17,,6504,0,42 4 27 46 35,0,30,,6503,0,42 4 27 46 35,0
555901,'3_merged_2137308',555,,6540,,,0,70,,6508,,,0,30,,6539,,,0,70,,6538,,,0,30,,6537,,,0,70,,6536,,,0,30,,6535,,,0,70,,6534,,,0,30,,6533,,,0,70,,6532,,,0,30,,6531,,,0,70,,6530,,,0,30,,6529,,,0,70,,6528,,,0,30,,6527,,,0,70,,6526,,,0,30,,6525,,,0,70,,6524,,,0,30,,6523,,,0,70,,6522,,,0,30,,6521,,,0,70,,6520,,,0,30,,6519,,,0,70,,6515,,,0,30,,6514,,,0,70,,6513,,,0,30,,6512,,,0,70,,6511,,,0,30,,6510,,,0,70,,6509,,,0,30,,6507,,,0,75,,6518,,,0,70,,6506,,,0,30,,6517,,,0,70,,6505,,,0,30,,6516,,,0,17,,6541,0,42 4 27 46 35,0,70,,6542,0,42 4 27 46 35,0
556600,'1_merged_2137307',441,,8054,,,0,82,,8055,,,0,32,,8056,,,0,70,,8057,,,0,30,,8058,,,0,65,,8059,,,0,20,,8060,,,0,15,,8061,,,0,55,,8062,,,0,15,,8063,,,0,15,,8064,,,0,15,,8065,,,0,55,,8066,,,0,15,,8067,,,0,15,,8068,,,0,64,,8069,,,0,30,,8070,,,0,70,,8071,,,0,30,,8072,,,0,70,,8073,,,0,30,,8074,,,0,70,,8075,,,0,30,,8076,,,0,69,,8077,,,0,25,,8078,,,0,25,,8079,,,0,55,,8080,,,0,15,,8081,,,0,15,,8082,,,0,15,,8083,,,0,55,,8084,,,0,15,,8085,,,0,15,,8086,,,0,15,,8087,,,0,55,,8088,,,0,15,,8089,,,0,15,,8090,,,0,15,,8091,,,0,55,,8092,,,0,15,,8093,,,0,10,,8094,,,0,72,,8095,,,0,30,,8096,,,0,70,,8097,,,0,30,,8098,,,0,70,,8099,,,0,30,,8100,,,0,70,,8101,,,0,30,,8102,,,0,70,,8104,,,0,30,,8105,,,0,70,,8103,,,0,30,,8106,,,0,70,,8107,,,0
556600,'2_merged_2137309',526,,8148,,,0,30,,8111,,,0,70,,8128,,,0,30,,8127,,,0,70,,8129,,,0,30,,8126,,,0,70,,8142,,,0,30,,8125,,,0,70,,8131,,,0,30,,8124,,,0,70,,8139,,,0,30,,8123,,,0,70,,8138,,,0,30,,8122,,,0,70,,8137,,,0,30,,8121,,,0,70,,8136,,,0,30,,8120,,,0,70,,8135,,,0,30,,8119,,,0,70,,8134,,,0,30,,8118,,,0,70,,8133,,,0,30,,8117,,,0,70,,8132,,,0,30,,8116,,,0,70,,8130,,,0,30,,8140,,,0,70,,8141,,,0,30,,8143,,,0,70,,8144,,,0,30,,8145,,,0,70,,8146,,,0,30,,8115,,,0,70,,8114,,,0,30,,8113,,,0,70,,8112,,,0,30,,8147,,,0,65,,8110,,,0,30,,8109,,,0
556600,'3_merged_2137308',626,,8165,,,0,30,,8164,,,0,70,,8166,,,0,30,,8163,,,0,70,,8179,,,0,30,,8162,,,0,70,,8168,,,0,30,,8161,,,0,70,,8176,,,0,30,,8160,,,0,70,,8175,,,0,30,,8159,,,0,70,,8174,,,0,30,,8158,,,0,70,,8173,,,0,30,,8157,,,0,70,,8172,,,0,30,,8156,,,0,70,,8171,,,0,30,,8155,,,0,70,,8170,,,0,30,,8154,,,0,70,,8169,,,0,30,,8153,,,0,70,,8167,,,0,30,,8177,,,0,70,,8178,,,0,30,,8180,,,0,70,,8181,,,0,30,,8182,,,0,70,,8183,,,0,30,,8152,,,0,70,,8151,,,0,30,,8150,,,0,70,,8149,,,0,30,,8184,,,0
556601,'1601_merged_2137313',728,,8187,0,27 45 35,0
556601,'1_merged_2137307',533,,8188,,,0,69,,8189,,,0,30,,8190,,,0,70,,8191,,,0,30,,8192,,,0,70,,8193,,,0,20,,8194,,,0,20,,8195,,,0,60,,8196,,,0,15,,8197,,,0,15,,8198,,,0,15,,8199,,,0,56,,8200,,,0,30,,8201,,,0,70,,8202,,,0,30,,8203,,,0,70,,8204,,,0,30,,8205,,,0,70,,8206,,,0,30,,8207,,,0,70,,8208,,,0,30,,8209,,,0,70,,8210,,,0,15,,8211,,,0,15,,8212,,,0,15,,8213,,,0,55,,8214,,,0,15,,8215,,,0,15,,8240,,,0,15,,8216,,,0,55,,8217,,,0,15,,8218,,,0,15,,8219,,,0,15,,8220,,,0,55,,8221,,,0,15,,8222,,,0,15,,8223,,,0,15,,8224,,,0,54,,8225,,,0,15,,8226,,,0,20,,8227,,,0,65,,8228,,,0,30,,8229,,,0,70,,8230,,,0,30,,8231,,,0,70,,8232,,,0,30,,8237,,,0,70,,8233,,,0,30,,8234,,,0,70,,8238,,,0,30,,8235,,,0,70,,8239,,,0,37,,8236,,,0
556601,'2_merged_2137309',524,,8244,,,0,30,,8243,,,0,70,,8242,,,0,26,,8263,,,0,70,,8261,,,0,30,,8262,,,0,70,,8260,,,0,30,,8264,,,0,70,,8259,,,0,30,,8267,,,0,70,,8258,,,0,30,,8275,,,0,70,,8257,,,0,30,,8274,,,0,70,,8256,,,0,30,,8273,,,0,70,,8255,,,0,30,,8272,,,0,70,,8254,,,0,30,,8271,,,0,70,,8253,,,0,30,,8270,,,0,70,,8252,,,0,30,,8269,,,0,70,,8251,,,0,30,,8268,,,0,70,,8250,,,0,30,,8266,,,0,70,,8265,,,0,30,,8249,,,0,70,,8276,,,0,30,,8277,,,0,70,,8278,,,0,30,,8279,,,0,70,,8280,,,0,30,,8248,,,0,70,,8247,,,0,30,,8246,,,0,70,,8281,,,0,30,,8245,,,0,70,,8241,,,0
556601,'3_merged_2137308',650,,8299,,,0,70,,8297,,,0,30,,8298,,,0,70,,8296,,,0,30,,8300,,,0,70,,8295,,,0,30,,8303,,,0,70,,8294,,,0,30,,8311,,,0,70,,8293,,,0,30,,8310,,,0,70,,8292,,,0,30,,8309,,,0,70,,8291,,,0,30,,8308,,,0,70,,8290,,,0,30,,8307,,,0,70,,8289,,,0,30,,8306,,,0,70,,8288,,,0,30,,8305,,,0,70,,8287,,,0,30,,8304,,,0,70,,8286,,,0,30,,8302,,,0,70,,8301,,,0,30,,8285,,,0,70,,8312,,,0,30,,8313,,,0,70,,8314,,,0,30,,8315,,,0,70,,8316,,,0,30,,8284,,,0,70,,8283,,,0,30,,8282,,,0,79,,8317,,,0
