554901,'1',508,,3718,13,,,0,30,,3716,13,,,0,70,,3723,13,,,0,30,,3722,13,,,0,71,,3746,13,,,0,30,,3717,13,,,0,70,,3719,13,,,0,30,,3720,13,,,0,69,,3721,13,,,0,36,,3724,13,,,0,70,,3732,13,,,0,30,,3733,13,,,0,70,,3734,13,,,0,30,,3729,13,,,0,70,,3730,13,,,0,30,,3731,13,,,0,70,,3725,13,,,0,30,,3726,13,,,0,70,,3727,13,,,0,30,,3747,13,,,0,70,,3740,13,,,0,30,,3741,13,,,0,70,,3737,13,,,0,30,,3738,13,,,0,70,,3739,13,,,0,30,,3735,13,,,0,70,,3743,13,,,0,30,,3744,13,,,0,70,,3742,13,,,0,30,,3750,13,,,0,70,,3728,13,,,0,30,,3751,13,,,0,70,,3745,13,,,0,30,,3752,13,,,0,74,,3736,13,,,0,100,,3748,13,,,0,100,,3749,13,,,0
554901,'2',507,,3753,13,,,0,30,,3775,13,,,0,70,,3782,13,,,0,30,,3776,13,,,0,70,,3777,13,,,0,30,,3761,13,,,0,70,,3762,13,,,0,30,,3763,13,,,0,70,,3759,13,,,0,30,,3760,13,,,0,70,,3758,13,,,0,30,,3767,13,,,0,70,,3768,13,,,0,30,,3769,13,,,0,70,,3764,13,,,0,30,,3765,13,,,0,70,,3766,13,,,0,30,,3755,13,,,0,70,,3756,13,,,0,30,,3772,13,,,0,70,,3773,13,,,0,30,,3757,13,,,0,70,,3774,13,,,0,30,,3770,13,,,0,70,,3771,13,,,0,30,,3780,13,,,0,70,,3781,13,,,0,30,,3778,13,,,0,69,,3779,13,,,0,30,,3787,13,,,0,70,,3788,13,,,0,30,,3783,13,,,0,70,,3789,13,,,0,100,,3784,13,,,0,100,,3785,13,,,0,100,,3786,13,,,0,100,,3754,13,,,0
554901,'3',507,,3790,13,,,0,30,,3811,13,,,0,70,,3818,13,,,0,30,,3812,13,,,0,70,,3813,13,,,0,30,,3797,13,,,0,70,,3798,13,,,0,30,,3799,13,,,0,70,,3795,13,,,0,30,,3796,13,,,0,70,,3794,13,,,0,30,,3803,13,,,0,70,,3804,13,,,0,30,,3805,13,,,0,70,,3800,13,,,0,30,,3801,13,,,0,70,,3802,13,,,0,30,,3791,13,,,0,70,,3792,13,,,0,30,,3808,13,,,0,70,,3809,13,,,0,30,,3793,13,,,0,70,,3810,13,,,0,30,,3806,13,,,0,70,,3807,13,,,0,30,,3816,13,,,0,70,,3817,13,,,0,30,,3814,13,,,0,69,,3815,13,,,0,30,,3823,13,,,0,70,,3824,13,,,0,30,,3819,13,,,0,70,,3825,13,,,0,100,,3820,13,,,0,100,,3821,13,,,0,100,,3822,13,,,0
556601,'1601',712,,8187,13,0,8 40 10,0,804,,8186,13,4,,0
556601,'1',518,,8188,13,,,0,29,,8189,13,,,0,70,,8190,13,,,0,29,,8191,13,,,0,70,,8192,13,,,0,30,,8193,13,,,0,60,,8194,13,,,0,20,,8195,13,,,0,20,,8196,13,,,0,55,,8197,13,,,0,15,,8198,13,,,0,15,,8199,13,,,0,14,,8200,13,,,0,70,,8201,13,,,0,30,,8202,13,,,0,70,,8203,13,,,0,30,,8204,13,,,0,70,,8205,13,,,0,30,,8206,13,,,0,70,,8207,13,,,0,29,,8208,13,,,0,70,,8209,13,,,0,30,,8210,13,,,0,15,,8211,13,,,0,55,,8212,13,,,0,15,,8213,13,,,0,15,,8214,13,,,0,15,,8215,13,,,0,55,,8240,13,,,0,15,,8216,13,,,0,15,,8217,13,,,0,15,,8218,13,,,0,55,,8219,13,,,0,15,,8220,13,,,0,15,,8221,13,,,0,15,,8222,13,,,0,55,,8223,13,,,0,15,,8224,13,,,0,17,,8225,13,,,0,55,,8226,13,,,0,20,,8227,13,,,0,25,,8228,13,,,0,70,,8229,13,,,0,30,,8230,13,,,0,70,,8231,13,,,0,30,,8232,13,,,0,70,,8237,13,,,0,33,,8233,13,,,0,70,,8234,13,,,0,30,,8238,13,,,0,70,,8235,13,,,0,30,,8239,13,,,0,77,,8236,13,,,0
556601,'2',507,,8244,13,,,0,30,,8243,13,,,0,70,,8242,13,,,0,26,,8263,13,,,0,70,,8261,13,,,0,30,,8262,13,,,0,70,,8260,13,,,0,30,,8264,13,,,0,70,,8259,13,,,0,30,,8267,13,,,0,70,,8258,13,,,0,30,,8275,13,,,0,70,,8257,13,,,0,30,,8274,13,,,0,70,,8256,13,,,0,30,,8273,13,,,0,70,,8255,13,,,0,30,,8272,13,,,0,70,,8254,13,,,0,30,,8271,13,,,0,70,,8253,13,,,0,30,,8270,13,,,0,70,,8252,13,,,0,30,,8269,13,,,0,70,,8251,13,,,0,30,,8268,13,,,0,70,,8250,13,,,0,30,,8266,13,,,0,70,,8265,13,,,0,30,,8249,13,,,0,70,,8276,13,,,0,30,,8277,13,,,0,70,,8278,13,,,0,30,,8279,13,,,0,70,,8280,13,,,0,30,,8248,13,,,0,70,,8247,13,,,0,30,,8246,13,,,0,70,,8281,13,,,0,30,,8245,13,,,0,70,,8241,13,,,0
556601,'3',633,,8299,13,,,0,70,,8297,13,,,0,30,,8298,13,,,0,70,,8296,13,,,0,30,,8300,13,,,0,70,,8295,13,,,0,30,,8303,13,,,0,70,,8294,13,,,0,30,,8311,13,,,0,70,,8293,13,,,0,30,,8310,13,,,0,70,,8292,13,,,0,30,,8309,13,,,0,70,,8291,13,,,0,30,,8308,13,,,0,70,,8290,13,,,0,30,,8307,13,,,0,70,,8289,13,,,0,30,,8306,13,,,0,70,,8288,13,,,0,30,,8305,13,,,0,70,,8287,13,,,0,30,,8304,13,,,0,70,,8286,13,,,0,30,,8302,13,,,0,70,,8301,13,,,0,30,,8285,13,,,0,70,,8312,13,,,0,30,,8313,13,,,0,70,,8314,13,,,0,30,,8315,13,,,0,70,,8316,13,,,0,30,,8284,13,,,0,70,,8283,13,,,0,30,,8282,13,,,0,79,,8317,13,,,0
556701,'1601',835,,8461,36,0,21 22,0
556701,'1',430,,8523,26,,,0,28,,8522,26,,,0,77,,8521,26,,,0,15,,8520,26,,,0,51,,8519,61,,,0,4,,8518,26,,,0,26,,8517,61,,,0,4,,8516,26,,,0,20,,8515,61,,,0,50,,8514,26,,,0,12,,8513,61,,,0,14,,8512,61,,,0,15,,8511,61,,,0,55,,8510,61,,,0,15,,8509,61,,,0,15,,8508,61,,,0,15,,8507,61,,,0,55,,8506,61,,,0,15,,8505,61,,,0,15,,8504,61,,,0,13,,8503,61,,,0,70,,8502,61,,,0,30,,8501,61,,,0,70,,8500,61,,,0,30,,8499,61,,,0,70,,8498,61,,,0,30,,8497,61,,,0,68,,8496,61,,,0,15,,8495,26,,,0,15,,8494,61,,,0,15,,8493,26,,,0,57,,8492,61,,,0,15,,8491,61,,,0,15,,8490,61,,,0,57,,8489,61,,,0,15,,8488,61,,,0,15,,8487,61,,,0,15,,8486,61,,,0,55,,8485,61,,,0,15,,8484,61,,,0,15,,8483,61,,,0,15,,8482,61,,,0,55,,8481,61,,,0,15,,8480,61,,,0,15,,8479,61,,,0,15,,8478,61,,,0,60,,8477,61,,,0,20,,8476,61,,,0,25,,8475,61,,,0,63,,8474,61,,,0,30,,8473,61,,,0,70,,8472,61,,,0,30,,8471,61,,,0,70,,8470,61,,,0,30,,8469,61,,,0,70,,8468,61,,,0,30,,8467,61,,,0,70,,8466,61,,,0,30,,8463,61,,,0,70,,8465,61,,,0,30,,8462,61,,,0,70,,8464,61,,,0
556701,'2',548,,8524,61,,,0,70,,8563,61,,,0,30,,8562,61,,,0,70,,8561,61,,,0,25,,8549,61,,,0,70,,8560,61,,,0,30,,8548,61,,,0,70,,8559,61,,,0,30,,8547,61,,,0,70,,8558,61,,,0,32,,8546,61,,,0,70,,8557,61,,,0,30,,8545,61,,,0,70,,8544,61,,,0,30,,8543,61,,,0,70,,8542,61,,,0,30,,8541,61,,,0,70,,8540,61,,,0,30,,8539,61,,,0,70,,8556,61,,,0,30,,8538,61,,,0,70,,8555,61,,,0,30,,8537,61,,,0,70,,8554,61,,,0,30,,8536,61,,,0,70,,8535,61,,,0,30,,8534,61,,,0,70,,8553,61,,,0,28,,8533,61,,,0,70,,8532,61,,,0,30,,8531,61,,,0,70,,8530,61,,,0,30,,8529,61,,,0,70,,8528,61,,,0,30,,8527,61,,,0,70,,8552,61,,,0,30,,8551,61,,,0,70,,8526,61,,,0,30,,8550,61,,,0,85,,8525,61,,,0
556701,'3',609,,8600,26,,,0,30,,8599,26,,,0,70,,8564,61,,,0,30,,8598,61,,,0,76,,8581,61,,,0,24,,8597,61,,,0,76,,8580,61,,,0,30,,8596,61,,,0,70,,8579,61,,,0,30,,8595,61,,,0,70,,8578,61,,,0,30,,8594,61,,,0,70,,8577,61,,,0,30,,8593,61,,,0,70,,8576,61,,,0,30,,8592,61,,,0,70,,8575,61,,,0,30,,8591,61,,,0,70,,8574,61,,,0,30,,8590,61,,,0,70,,8573,61,,,0,30,,8589,61,,,0,70,,8572,61,,,0,30,,8588,61,,,0,70,,8571,61,,,0,30,,8587,61,,,0,70,,8570,61,,,0,30,,8586,61,,,0,70,,8569,61,,,0,30,,8585,61,,,0,70,,8568,61,,,0,30,,8584,61,,,0,70,,8567,61,,,0,30,,8583,61,,,0,70,,8566,61,,,0,30,,8582,61,,,0,70,,8565,61,,,0
