101,1,'E',1
102,1,'W',1
201,1,'E',2
202,1,'W',2
301,1,'E',3
302,1,'W',3
401,1,'E',4
402,1,'W',4
501,1,'E',5
502,1,'W',5
601,1,'E',6
602,1,'W',6
701,1,'E',7
702,1,'W',7
801,1,'E',8
802,1,'W',8
903,1,'N',9
904,1,'S',9
1001,1,'E',10
1002,1,'W',10
1103,1,'N',11
1104,1,'S',11
1203,1,'N',12
1204,1,'S',12
1601,1,'E',16
1602,1,'W',16
1803,1,'N',18
1804,1,'S',18
2003,1,'N',20
2004,1,'S',20
2103,1,'N',21
2104,1,'S',21
2203,1,'N',22
2204,1,'S',22
2303,1,'N',23
2304,1,'S',23
2403,1,'N',24
2404,1,'S',24
2503,1,'N',25
2504,1,'S',25
2603,1,'N',26
2604,1,'S',26
2703,1,'N',27
2704,1,'S',27
3303,1,'N',33
3304,1,'S',33
3403,1,'N',34
3404,1,'S',34
3503,1,'N',35
3504,1,'S',35
4101,1,'E',41
4102,1,'W',41
4301,1,'E',43
4302,1,'W',43
4401,1,'E',44
4402,1,'W',44
5101,1,'E',51
5102,1,'W',51
5203,1,'N',52
5204,1,'S',52
5501,1,'E',55
5502,1,'W',55
5603,1,'N',56
5604,1,'S',56
5801,1,'E',58
5802,1,'W',58
9903,1,'N',99
9904,1,'S',99
